# H_est,H_std,A,A_std,B,B_std for H=0.8
7.030760030454104026e-01 4.772095227197826377e-04 1.406152006090821027e+00 9.544190454395652754e-04 1.093474417251415431e+01 1.251929360105863680e-03
9.050721699857393610e-01 1.099901874329006898e-03 1.810144339971478944e+00 2.199803748658013796e-03 1.199003176324312570e+01 2.885523806949825618e-03
8.552340547521533054e-01 2.939324061538101975e-03 1.710468109504306389e+00 5.878648123076203949e-03 1.143809872887328893e+01 7.907969229990603754e-03
9.341881720671616485e-01 3.042065034963659619e-03 1.868376344134323075e+00 6.084130069927319237e-03 1.192230180820591556e+01 7.980667468506605355e-03
1.047044520319421856e+00 2.105490936843468913e-03 2.094089040638843269e+00 4.210981873686937826e-03 1.229180844275669848e+01 5.535295071397465169e-03
7.763822107323048449e-01 8.980777780470705109e-04 1.552764421464609690e+00 1.796155556094141022e-03 1.119455501275528952e+01 2.356050900584542862e-03
7.268262507024325636e-01 2.706206621144541247e-03 1.453652501404864905e+00 5.412413242289082493e-03 1.097324295013016382e+01 7.099563891142241304e-03
8.008933386583907410e-01 3.203443747588080679e-03 1.601786677316781482e+00 6.406887495176161358e-03 1.116685343236880179e+01 8.546707463425009046e-03
7.992003586676812432e-01 3.593565457383871183e-03 1.598400717335362486e+00 7.187130914767742365e-03 1.158749484303918464e+01 9.427494336234260724e-03
9.447499127734830804e-01 1.877458295633081852e-03 1.889499825546966161e+00 3.754916591266163704e-03 1.176557117677450748e+01 4.925394485576879526e-03
7.306903731598866081e-01 2.419964047058052910e-03 1.461380746319773216e+00 4.839928094116105819e-03 1.079375914151126992e+01 6.348624411780716056e-03
7.444708316534249803e-01 8.340588585854342377e-04 1.488941663306849739e+00 1.668117717170868475e-03 1.094880378612278804e+01 2.188101269058790026e-03
7.092718983616750350e-01 1.923148471988646692e-03 1.418543796723349848e+00 3.846296943977293385e-03 1.090963739906406893e+01 5.045259788363377039e-03
7.527090069513349135e-01 2.272455056763380502e-03 1.505418013902669605e+00 4.544910113526761004e-03 1.092433956322034305e+01 5.961643796841223190e-03
9.033806147131266950e-01 1.847786128064260501e-03 1.806761229426253390e+00 3.695572256128521003e-03 1.152375391965719942e+01 4.847551426424509709e-03
6.928685255262370113e-01 2.925326514497286583e-03 1.385737051052473801e+00 5.850653028994573165e-03 1.081187182278214287e+01 7.674411236251748973e-03
8.089779474733229669e-01 1.544114283896909747e-03 1.617955894946645712e+00 3.088228567793819494e-03 1.138547471885924978e+01 4.050887328625991414e-03
7.977191565221761760e-01 1.665836649804585973e-03 1.595438313044352352e+00 3.331673299609171947e-03 1.140757321923669920e+01 4.370218309028877507e-03
7.261209178902896522e-01 1.311996337894136668e-03 1.452241835780579304e+00 2.623992675788273336e-03 1.097217887033834849e+01 3.441940393944483475e-03
6.947795122188891170e-01 2.027058112692063999e-03 1.389559024437778234e+00 4.054116225384127997e-03 1.081613154971174318e+01 5.317860238598451535e-03
8.716163089994428681e-01 2.462507831035253263e-03 1.743232617998885736e+00 4.925015662070506527e-03 1.154017156119136089e+01 6.460235350408413159e-03
7.310260095766500932e-01 3.653265999006762889e-03 1.462052019153300186e+00 7.306531998013525778e-03 1.093970951725054341e+01 9.604365852582076243e-03
9.463822120302038954e-01 4.048657215831393333e-03 1.892764424060408013e+00 8.097314431662786666e-03 1.191298418966822403e+01 1.144580992392283877e-02
6.887459771290016519e-01 1.796235957856277127e-03 1.377491954258003304e+00 3.592471915712554253e-03 1.074199134018332202e+01 4.712312755685109725e-03
7.115460605549777107e-01 9.489789333906213653e-04 1.423092121109955421e+00 1.897957866781242731e-03 1.084102793302732337e+01 2.489586908415123735e-03
7.398828719356023154e-01 8.300925199748871970e-04 1.479765743871204631e+00 1.660185039949774394e-03 1.108232469973286172e+01 2.177695816552296590e-03
7.336474009493292314e-01 2.296335494305874053e-03 1.467294801898658241e+00 4.592670988611748106e-03 1.107797601032002355e+01 6.024292619811111825e-03
8.178870106733524548e-01 2.378078409094347857e-03 1.635774021346704910e+00 4.756156818188695713e-03 1.136020254415161368e+01 6.238740031522504656e-03
8.630678205446336015e-01 1.459742775060017669e-03 1.726135641089267425e+00 2.919485550120035338e-03 1.136821354046296761e+01 3.829543922884294082e-03
7.955037088918885946e-01 1.301702913493645161e-03 1.591007417783777189e+00 2.603405826987290322e-03 1.117618668156319472e+01 3.414936195999443164e-03
7.263186829710410741e-01 1.689698439108244452e-03 1.452637365942082148e+00 3.379396878216488903e-03 1.085041965411407006e+01 4.432818198774350106e-03
7.626658051676060701e-01 2.896508377447203596e-03 1.525331610335212362e+00 5.793016754894407191e-03 1.103502766223221876e+01 7.598808668850841330e-03
7.256225661292838858e-01 2.601093011850083483e-03 1.451245132258567772e+00 5.202186023700166966e-03 1.093598863811379118e+01 6.823804910952390931e-03
8.210906520893286320e-01 2.126636882314509539e-03 1.642181304178657042e+00 4.253273764629019078e-03 1.123212858173907769e+01 5.614508337361643654e-03
1.105343626235783638e+00 3.945940802670041755e-03 2.210687252471566833e+00 7.891881605340083511e-03 1.242504943926498129e+01 9.490186176057870820e-03
6.496414264287455609e-01 2.327593544711748560e-03 1.299282852857491122e+00 4.655187089423497120e-03 1.053175220134168555e+01 6.106296152758564251e-03
8.151013677909912936e-01 2.615741914033745813e-03 1.630202735581982587e+00 5.231483828067491626e-03 1.150679220994913265e+01 6.862235390066438734e-03
8.213658180075233961e-01 2.553243230703949613e-03 1.642731636015046792e+00 5.106486461407899226e-03 1.150358717522722607e+01 6.698274026459012653e-03
6.779294122061130246e-01 4.292656509280309493e-03 1.355858824412225827e+00 8.585313018560618986e-03 1.075633269715918772e+01 1.184044144629734993e-02
8.082479527844972367e-01 4.927458489859711833e-03 1.616495905568994695e+00 9.854916979719423667e-03 1.158972523574793989e+01 1.292687929736101131e-02
7.884076832282769232e-01 1.284141624613538771e-03 1.576815366456553624e+00 2.568283249227077542e-03 1.130280780940140062e+01 3.368865274511753140e-03
6.959527031129548735e-01 1.276866123400511796e-03 1.391905406225909747e+00 2.553732246801023592e-03 1.103992771464170630e+01 3.349778445599790010e-03
7.197453449551529658e-01 2.769170712653244194e-03 1.439490689910306154e+00 5.538341425306488389e-03 1.083437756338856595e+01 7.264746283843772148e-03
6.895195588385321095e-01 3.303204100804211455e-03 1.379039117677064441e+00 6.606408201608422910e-03 1.086993198553587447e+01 8.665749478078224946e-03
8.849152058035332225e-01 1.647723207334159633e-03 1.769830411607066667e+00 3.295446414668319265e-03 1.151786085394009795e+01 4.322698830801534157e-03
8.673138055317661799e-01 1.866154086298687891e-03 1.734627611063532360e+00 3.732308172597375781e-03 1.152203685979258729e+01 4.895738613039221990e-03
7.834157711136251478e-01 3.207264233002268122e-04 1.566831542227250296e+00 6.414528466004536245e-04 1.107790847511277832e+01 8.414057147298640909e-04
6.903125420150444391e-01 2.399010992873778451e-03 1.380625084030088878e+00 4.798021985747556901e-03 1.082489012965548447e+01 6.293655382502648041e-03
8.667721348017765060e-01 1.816753094623355103e-03 1.733544269603553234e+00 3.633506189246710205e-03 1.159833412555562226e+01 4.847051625278154564e-03
7.671454821524834600e-01 1.443944131047263275e-03 1.534290964304967142e+00 2.887888262094526551e-03 1.094466811858353239e+01 3.788097151454040967e-03
6.661383968595500082e-01 1.523574876068784336e-03 1.332276793719100016e+00 3.047149752137568671e-03 1.079316497242183459e+01 3.997003421525688327e-03
7.374485714652103674e-01 3.404109982890676615e-03 1.474897142930420957e+00 6.808219965781353231e-03 1.106094574508686890e+01 8.930469683189367833e-03
7.823947049354929018e-01 2.031759575059708788e-03 1.564789409870985804e+00 4.063519150119417576e-03 1.101411260323315133e+01 5.330194210922294291e-03
8.277566840391386016e-01 1.677520737163289448e-03 1.655513368078276981e+00 3.355041474326578895e-03 1.143177209705307540e+01 4.400870785992041720e-03
6.978544145014713429e-01 1.944348769432582141e-03 1.395708829002942464e+00 3.888697538865164283e-03 1.083442872592934414e+01 5.100877439175701203e-03
6.775018550779945414e-01 5.317659794431870519e-04 1.355003710155989083e+00 1.063531958886374104e-03 1.069259384026178239e+01 1.395054809522782097e-03
7.790672685381245799e-01 9.095065013348347868e-04 1.558134537076249382e+00 1.819013002669669574e-03 1.115748741667100674e+01 2.386033466858534114e-03
6.989030921668422103e-01 8.114119999907636440e-04 1.397806184333684199e+00 1.622823999981527288e-03 1.082541835875324843e+01 2.128688655023711161e-03
8.800861398618677889e-01 9.650276035430542130e-04 1.760172279723735356e+00 1.930055207086108426e-03 1.145721615706819563e+01 2.531689609321252036e-03
7.423168212623494355e-01 2.272576720043142408e-03 1.484633642524698649e+00 4.545153440086284816e-03 1.090528722099614711e+01 5.961962914455976557e-03
7.540681943148339617e-01 2.403813207045046776e-03 1.508136388629667923e+00 4.807626414090093551e-03 1.129662206171184380e+01 6.306253692359508646e-03
8.026851826644527677e-01 4.967280079958950618e-04 1.605370365328905757e+00 9.934560159917901236e-04 1.128991416460565667e+01 1.303134882019159379e-03
8.578375117877179434e-01 1.732721707516229415e-03 1.715675023575436109e+00 3.465443415032458830e-03 1.141457851422253889e+01 4.545687071094118951e-03
9.337010100170246574e-01 1.425163423530136867e-03 1.867402020034049537e+00 2.850326847060273734e-03 1.178084290910599918e+01 3.738827160793845375e-03
8.019886390813610877e-01 2.915819806918654774e-03 1.603977278162722175e+00 5.831639613837309548e-03 1.110368205093423377e+01 7.976428819304272680e-03
7.036402863437576372e-01 2.896540836240637899e-03 1.407280572687515052e+00 5.793081672481275798e-03 1.095844859084001222e+01 7.598893850905594043e-03
7.028197925520203171e-01 1.077909346551190030e-03 1.405639585104040634e+00 2.155818693102380060e-03 1.088740785603098793e+01 2.827827800353013669e-03
7.846163246237822797e-01 1.016595464763413864e-03 1.569232649247564559e+00 2.033190929526827728e-03 1.123651975350003163e+01 2.666974656300145647e-03
5.923355748129925935e-01 2.167822711357095863e-03 1.184671149625984965e+00 4.335645422714191725e-03 1.058268842114238062e+01 5.687147340417048752e-03
7.706054259790540151e-01 8.772439030054357155e-04 1.541210851958107808e+00 1.754487806010871431e-03 1.103642706235825166e+01 2.301394544161532683e-03
6.951858778566049057e-01 3.358395268596586943e-03 1.390371755713209811e+00 6.716790537193173885e-03 1.080182959463190073e+01 8.885144533220557320e-03
7.439781450828375498e-01 8.690622544529386269e-04 1.487956290165674877e+00 1.738124508905877254e-03 1.098035571571440094e+01 2.279930496567272001e-03
7.701184822634239424e-01 1.200887291079582404e-03 1.540236964526848107e+00 2.401774582159164808e-03 1.116484271103121095e+01 3.150452714749768686e-03
7.289460431001191232e-01 4.085275048488622163e-03 1.457892086200238246e+00 8.170550096977244325e-03 1.100083585612524928e+01 1.094517227533592894e-02
7.740980031775142045e-01 1.859315815564220598e-03 1.548196006355028631e+00 3.718631631128441195e-03 1.108038446079096140e+01 4.877798773933549221e-03
7.222539641067933225e-01 2.093230675592670960e-03 1.444507928213586867e+00 4.186461351185341920e-03 1.087848054055547564e+01 5.491459853416532505e-03
7.970601411526820890e-01 7.903304033685141583e-04 1.594120282305363956e+00 1.580660806737028317e-03 1.123764490356897383e+01 2.073382392696892715e-03
6.956831577524815735e-01 1.690839154053377230e-03 1.391366315504963369e+00 3.381678308106754460e-03 1.099170208384538405e+01 4.435810803494096878e-03
7.426490399817664567e-01 5.121118477814925671e-04 1.485298079963533135e+00 1.024223695562985134e-03 1.099782019357698104e+01 1.343493416183040145e-03
7.567853625204792323e-01 1.712080017157574562e-03 1.513570725040958687e+00 3.424160034315149124e-03 1.095477121089887973e+01 4.491534935011344543e-03
7.789509444021724960e-01 2.014949823503817909e-04 1.557901888804345214e+00 4.029899647007635817e-04 1.106198472755597528e+01 5.286094882563190361e-04
8.300104729017667715e-01 6.784024906629737258e-04 1.660020945803533321e+00 1.356804981325947452e-03 1.152295782962131732e+01 1.779746535891304007e-03
8.312488299661060509e-01 2.221304482255018805e-03 1.662497659932212324e+00 4.442608964510037610e-03 1.132664710414672982e+01 5.827453407528579259e-03
7.244760427209804288e-01 1.270305560219568003e-03 1.448952085441960858e+00 2.540611120439136006e-03 1.087370278578240246e+01 3.332567219286516717e-03
7.922481811013710740e-01 2.562149058807250846e-03 1.584496362202742370e+00 5.124298117614501692e-03 1.136161025814596037e+01 6.721637835426897724e-03
9.870378627204621225e-01 2.399639016046006823e-03 1.974075725440924023e+00 4.799278032092013646e-03 1.195202183094609083e+01 6.564380187529630581e-03
7.250314478545181185e-01 9.128010573145224626e-04 1.450062895709036237e+00 1.825602114629044925e-03 1.085104436181443255e+01 2.394676524727069183e-03
7.354949748517438657e-01 1.098058565918771544e-03 1.470989949703487731e+00 2.196117131837543087e-03 1.087773246519821058e+01 2.880688005158110222e-03
8.064365051181128230e-01 1.766670145072924509e-03 1.612873010236225424e+00 3.533340290145849018e-03 1.143300228726382528e+01 4.634748710679524944e-03
7.159423644087192784e-01 1.772395583634551238e-03 1.431884728817438335e+00 3.544791167269102476e-03 1.100809094031979107e+01 4.649769006688678034e-03
7.950601034038133896e-01 1.265711661907096284e-03 1.590120206807626779e+00 2.531423323814192567e-03 1.108994281870319476e+01 3.320515433320824113e-03
7.899176816430486525e-01 7.873490769712311599e-04 1.579835363286097527e+00 1.574698153942462320e-03 1.119480537445810775e+01 2.065561071659089733e-03
8.302872230201971959e-01 2.932749953894476982e-03 1.660574446040394392e+00 5.865499907788953964e-03 1.126002209703581336e+01 7.873808744101186419e-03
7.189741678531014202e-01 3.145485801113932518e-03 1.437948335706202840e+00 6.290971602227865035e-03 1.103135834456676534e+01 8.251985291019793209e-03
7.647151573221266929e-01 2.257230776752217061e-03 1.529430314644253608e+00 4.514461553504434121e-03 1.132867435461403893e+01 5.921703840208566300e-03
7.485738211734109804e-01 3.249254581138129837e-03 1.497147642346822183e+00 6.498509162276259674e-03 1.135348554811541533e+01 8.524216199167324384e-03
8.271842892377518908e-01 1.189981553749391938e-03 1.654368578475503559e+00 2.379963107498783877e-03 1.157491814112777817e+01 3.121842229419261473e-03
8.400175098252826711e-01 1.790862533996849613e-03 1.680035019650565342e+00 3.581725067993699226e-03 1.118998439333983086e+01 4.698215899280305113e-03
7.969837202725331693e-01 2.088156606916991031e-04 1.593967440545066561e+00 4.176313213833982062e-04 1.123118042608222034e+01 5.478148327596153722e-04
7.384970817369063134e-01 2.557332927804776093e-04 1.476994163473812849e+00 5.114665855609552185e-04 1.090908183247088203e+01 6.709003102273047728e-04
