# H_est,H_std,A,A_std,B,B_std for H=0.5
4.993543132404831830e-01 3.215722374015534974e-04 9.987086264809663660e-01 6.431444748031069948e-04 1.011170467966263331e+01 8.436246617627721428e-04
5.017294036770589827e-01 4.141534978043691275e-04 1.003458807354117743e+00 8.283069956087382550e-04 1.014115460136160962e+01 1.086505811690054342e-03
4.925254516884893796e-01 1.215440132082878846e-03 9.850509033769788703e-01 2.430880264165757691e-03 1.014755050240369449e+01 3.188631212852749679e-03
4.822168048490129699e-01 1.823990709113987958e-04 9.644336096980261619e-01 3.647981418227975916e-04 1.007220753732688401e+01 4.785125586480115331e-04
5.018212107499588903e-01 1.002718880467356457e-03 1.003642421499918003e+00 2.005437760934712915e-03 1.012419956334287008e+01 2.630570320270374067e-03
5.032936985027056664e-01 8.534752086954370404e-04 1.006587397005411333e+00 1.706950417390874081e-03 1.015341413014871108e+01 2.239038860472936879e-03
4.932869458535980023e-01 5.822508222668914884e-04 9.865738917071957825e-01 1.164501644533782977e-03 1.011510993575142159e+01 1.527498636913210937e-03
4.938967442395463259e-01 1.076320925429817842e-04 9.877934884790926517e-01 2.152641850859635683e-04 1.009449945591621933e+01 2.823660670370214823e-04
4.920920379162410097e-01 1.607583897011606860e-04 9.841840758324820193e-01 3.215167794023213719e-04 1.009966782812380970e+01 4.217395888578309542e-04
4.761554539222130344e-01 8.114955310566216058e-04 9.523109078444262909e-01 1.622991062113243212e-03 1.006146037416064765e+01 2.128907789238332435e-03
4.836785821428990495e-01 1.033332893498634325e-03 9.673571642857983210e-01 2.066665786997268651e-03 1.009095056117304168e+01 2.710884238104479486e-03
5.047743460679110505e-01 5.637445301661110197e-04 1.009548692135822101e+00 1.127489060332222039e-03 1.014329101710043091e+01 1.478948536584824211e-03
4.832957512637308106e-01 1.449032428733501663e-04 9.665915025274617323e-01 2.898064857467003326e-04 1.005059254416973324e+01 3.801445982257539930e-04
4.881865730235752654e-01 3.139867657484184896e-04 9.763731460471505308e-01 6.279735314968369793e-04 1.011135574516307578e+01 8.237246410685966072e-04
4.964104517335798938e-01 2.607109821541787756e-04 9.928209034671597877e-01 5.214219643083575512e-04 1.011682228339524592e+01 6.839589652617734244e-04
4.952255457070686706e-01 5.600668574309351864e-04 9.904510914141372302e-01 1.120133714861870373e-03 1.014447236064331648e+01 1.469300391212155108e-03
5.002788194702254554e-01 8.544955243953098736e-04 1.000557638940450911e+00 1.708991048790619747e-03 1.013889064732263989e+01 2.241715609578075977e-03
5.013236427860330302e-01 6.547067355783103013e-04 1.002647285572066060e+00 1.309413471156620603e-03 1.014313983328167801e+01 1.717582183959659621e-03
4.929913130104950358e-01 7.679930594824252964e-04 9.859826260209899607e-01 1.535986118964850593e-03 1.009658040807318891e+01 2.014781783317002618e-03
4.999640489639478602e-01 2.092362189010188531e-04 9.999280979278958315e-01 4.184724378020377063e-04 1.014542095262127397e+01 5.489181407288936179e-04
5.167514672042339274e-01 2.053453678375972210e-04 1.033502934408467855e+00 4.106907356751944419e-04 1.020106297576149323e+01 5.387107402232088702e-04
4.947891399750719010e-01 1.166277517319227292e-04 9.895782799501436910e-01 2.332555034638454585e-04 1.008924312596855977e+01 3.059656130807219339e-04
4.935139881793138006e-01 2.406737049562225248e-04 9.870279763586277122e-01 4.813474099124450496e-04 1.008447384863771390e+01 6.313924284174581274e-04
4.787959627093063553e-01 1.121245102158920743e-03 9.575919254186124885e-01 2.242490204317841487e-03 1.009807164647708433e+01 2.941516415534563278e-03
4.907545151914542991e-01 1.562092262693845035e-04 9.815090303829085983e-01 3.124184525387690070e-04 1.010524405227310929e+01 4.098051396175191627e-04
4.992067856863497965e-01 4.645289096529247848e-04 9.984135713726998151e-01 9.290578193058495696e-04 1.014137682449824851e+01 1.218662545702394427e-03
4.934678600945827665e-01 1.330494699925589266e-03 9.869357201891655329e-01 2.660989399851178532e-03 1.013526639720642919e+01 3.490469664453581082e-03
4.754621580291638061e-01 7.087955016263807525e-04 9.509243160583278343e-01 1.417591003252761505e-03 1.004463397332206753e+01 1.859480686402696994e-03
4.946091230601750155e-01 8.699404891363238202e-04 9.892182461203501420e-01 1.739880978272647640e-03 1.012582696763098866e+01 2.282234487304803452e-03
4.958541044298949707e-01 9.839256057628256117e-04 9.917082088597900524e-01 1.967851211525651223e-03 1.014434997907790326e+01 2.581267331949902398e-03
4.978649144459244003e-01 6.501187525149810858e-04 9.957298288918488005e-01 1.300237505029962172e-03 1.014892633929931698e+01 1.705545902978828146e-03
4.824049417926854488e-01 4.364972692014768029e-04 9.648098835853707866e-01 8.729945384029536059e-04 1.006893943159075988e+01 1.145123297139092038e-03
5.110395474077082945e-01 7.402436515021790491e-04 1.022079094815416589e+00 1.480487303004358098e-03 1.014157865751724508e+01 1.941982940003249801e-03
4.926467219728394298e-01 4.201712747978166625e-04 9.852934439456787485e-01 8.403425495956333251e-04 1.011647136582746143e+01 1.102293071098142414e-03
4.878895727558185680e-01 1.088767347021527053e-04 9.757791455116371360e-01 2.177534694043054106e-04 1.010592964145131667e+01 2.856313075841827366e-04
4.894393359545932132e-01 2.124218438059867714e-04 9.788786719091863153e-01 4.248436876119735428e-04 1.008042645737086929e+01 5.572754280483648535e-04
4.882619751496082294e-01 6.788663219107447799e-04 9.765239502992163478e-01 1.357732643821489560e-03 1.008278308259712830e+01 1.780963341858611288e-03
4.967126381719380035e-01 1.371891149762704382e-04 9.934252763438758960e-01 2.743782299525408764e-04 1.010338933284815077e+01 3.599070645869657890e-04
4.866694696508564455e-01 4.749609893025772160e-04 9.733389393017126690e-01 9.499219786051544320e-04 1.008416711179982705e+01 1.246030458666015943e-03
4.769343296561432410e-01 7.228264781433534503e-04 9.538686593122865931e-01 1.445652956286706901e-03 1.006571984210875215e+01 1.896290073666439613e-03
4.818840926483645148e-01 4.834653426786186966e-04 9.637681852967291407e-01 9.669306853572373931e-04 1.008022501290115791e+01 1.268341104478432936e-03
4.965423008914882086e-01 4.382740980172035103e-04 9.930846017829765282e-01 8.765481960344070206e-04 1.011728362499327361e+01 1.149784709338793915e-03
4.929758695867900720e-01 1.902090715472731731e-04 9.859517391735800329e-01 3.804181430945463463e-04 1.012135049747882221e+01 4.990016058426605464e-04
4.879362066635433148e-01 5.990604388295306566e-04 9.758724133270865186e-01 1.198120877659061313e-03 1.010423236163693694e+01 1.571597621939818104e-03
4.903087025219217132e-01 5.090431939387370704e-04 9.806174050438436485e-01 1.018086387877474141e-03 1.008101352978695431e+01 1.335442989602961044e-03
4.944925842460587972e-01 8.888697417420340354e-04 9.889851684921178165e-01 1.777739483484068071e-03 1.013948072706057602e+01 2.331894205650861078e-03
5.002699521020366191e-01 4.265201963382202069e-04 1.000539904204073016e+00 8.530403926764404138e-04 1.012140064339105194e+01 1.118949067736976560e-03
5.048379427230615946e-01 3.503600002414746189e-04 1.009675885446123411e+00 7.007200004829492379e-04 1.013466694816775870e+01 9.191475652291226624e-04
4.918314320503109904e-01 1.379544489875410328e-03 9.836628641006220919e-01 2.759088979750820656e-03 1.010533966893653535e+01 3.619148789258006156e-03
4.999636677330934198e-01 9.687904223903116103e-04 9.999273354661866176e-01 1.937580844780623221e-03 1.017245364717414979e+01 2.541561121498763214e-03
5.059347083887377750e-01 1.215192598894004406e-03 1.011869416777475550e+00 2.430385197788008812e-03 1.015750941689890752e+01 3.187981807454351099e-03
4.772061050920823888e-01 4.051873759509986802e-04 9.544122101841645556e-01 8.103747519019973604e-04 1.004591008636538341e+01 1.062983747693962934e-03
5.066267831179225301e-01 9.786661929559410992e-05 1.013253566235845060e+00 1.957332385911882198e-04 1.014001612147122700e+01 2.567469599412318349e-04
4.977610193567563179e-01 3.596885914553016078e-04 9.955220387135127469e-01 7.193771829106032157e-04 1.011645616752026733e+01 9.436205298382710710e-04
4.954444922179428445e-01 3.058617099691739909e-04 9.908889844358856891e-01 6.117234199383479818e-04 1.013123798999744096e+01 8.024090743016280228e-04
4.823722982398654935e-01 1.053745736088115836e-03 9.647445964797310980e-01 2.107491472176231673e-03 1.009703362256489712e+01 2.764436066376484060e-03
4.868990085179101257e-01 4.310958083984387304e-04 9.737980170358200294e-01 8.621916167968774608e-04 1.009476100661892239e+01 1.130952894446405352e-03
5.107892755647991390e-01 6.187733513515052694e-04 1.021578551129598278e+00 1.237546702703010539e-03 1.014266820230301747e+01 1.623313200884826278e-03
4.965277429816037369e-01 4.281356061729694107e-04 9.930554859632072517e-01 8.562712123459388213e-04 1.012620411115833718e+01 1.123186994117052109e-03
5.149582254619482491e-01 6.840383366032632599e-04 1.029916450923896720e+00 1.368076673206526520e-03 1.017374475624854391e+01 1.794531802801681937e-03
5.033613128836522677e-01 2.705008519121257656e-04 1.006722625767304757e+00 5.410017038242515312e-04 1.014134731721326332e+01 7.096420788381763503e-04
4.954210696598815300e-01 1.063515833852236322e-04 9.908421393197631710e-01 2.127031667704472643e-04 1.010578519548004728e+01 2.790067293002168884e-04
5.042986655605248281e-01 3.579349214823461761e-04 1.008597331121049878e+00 7.158698429646923522e-04 1.014754247237640961e+01 9.390198881428387084e-04
4.944604837756361171e-01 6.709048885023002158e-04 9.889209675512723452e-01 1.341809777004600432e-03 1.012003919839636978e+01 1.760077020716102093e-03
5.079314604016014201e-01 1.838456822695214501e-04 1.015862920803202840e+00 3.676913645390429003e-04 1.015138863823153770e+01 4.823076565635717552e-04
5.174014431749764942e-01 2.878660930606337007e-04 1.034802886349952988e+00 5.757321861212674015e-04 1.020104232698235336e+01 7.551986963752094521e-04
4.781259330842428934e-01 7.406804517818071313e-04 9.562518661684857868e-01 1.481360903563614263e-03 1.007037332922221040e+01 1.943128876789345250e-03
4.879708806434099877e-01 9.221995435708088724e-04 9.759417612868201974e-01 1.844399087141617745e-03 1.008640887790364360e+01 2.419332864775994470e-03
4.836422079190265677e-01 3.485723713774401488e-04 9.672844158380533575e-01 6.971447427548802976e-04 1.009468910780681306e+01 9.144578257864647381e-04
5.151677812208701468e-01 3.719587737698841360e-04 1.030335562441740072e+00 7.439175475397682719e-04 1.018434544016430010e+01 9.758105818863638779e-04
4.879512176008304891e-01 7.484576524914821841e-04 9.759024352016609782e-01 1.496915304982964368e-03 1.009328031658618663e+01 1.963531868001588705e-03
4.694658604909303090e-01 1.409896365926975896e-03 9.389317209818606180e-01 2.819792731853951791e-03 1.004974034134986027e+01 3.698774981733864500e-03
4.838657454609172071e-01 5.244022026599864331e-04 9.677314909218344141e-01 1.048804405319972866e-03 1.011420259474156147e+01 1.375736389538362303e-03
4.963715436902473854e-01 1.232141824734255735e-04 9.927430873804945488e-01 2.464283649468511470e-04 1.014636578056738614e+01 3.232447059314866983e-04
4.958487531026178896e-01 5.944044758425558791e-04 9.916975062052356682e-01 1.188808951685111758e-03 1.013698711539887753e+01 1.559382989965257989e-03
4.931452816441459497e-01 2.941006327530103540e-04 9.862905632882918994e-01 5.882012655060207080e-04 1.009937453626341863e+01 7.715546277000804231e-04
4.997481299730897053e-01 2.679936809723666106e-04 9.994962599461794106e-01 5.359873619447332212e-04 1.012469097475604940e+01 7.030646643280328949e-04
5.062380927911505069e-01 3.421179432521017695e-04 1.012476185582301236e+00 6.842358865042035389e-04 1.018234105572265236e+01 8.975250406572884455e-04
4.942439864942256289e-01 1.040367448440140404e-04 9.884879729884511468e-01 2.080734896880280808e-04 1.010693583915065830e+01 2.729338960434443554e-04
4.795130590635623413e-01 2.748261005900622003e-04 9.590261181271247937e-01 5.496522011801244006e-04 1.006017171761358320e+01 7.209890959294002789e-04
4.843600948761588310e-01 5.139484536173838554e-04 9.687201897523176619e-01 1.027896907234767711e-03 1.009580839661623308e+01 1.348311645173714841e-03
4.836128757828044300e-01 2.740372120007870753e-04 9.672257515656088600e-01 5.480744240015741507e-04 1.007810656321072074e+01 7.189194985689681665e-04
4.986683098491060395e-01 8.074284008734765664e-04 9.973366196982121901e-01 1.614856801746953133e-03 1.014669071008464485e+01 2.118237934853570235e-03
5.028038510195755872e-01 2.936181563706760579e-04 1.005607702039151174e+00 5.872363127413521159e-04 1.013561654023241410e+01 7.702888829015696118e-04
4.801745119201479284e-01 1.297019460394505021e-03 9.603490238402960788e-01 2.594038920789010043e-03 1.006011577133649837e+01 3.402649462144639609e-03
4.980257417664333275e-01 2.908687226730583388e-04 9.960514835328668770e-01 5.817374453461166776e-04 1.014913972507541118e+01 7.630759072775496329e-04
4.973312271754317671e-01 4.460369495520226466e-04 9.946624543508637561e-01 8.920738991040452932e-04 1.012628913715893653e+01 1.170150059246929421e-03
4.849374226624341144e-01 8.402848459759810877e-05 9.698748453248682289e-01 1.680569691951962175e-04 1.006597570997543301e+01 2.204434767718747639e-04
4.823446088483340777e-01 2.026846246543573867e-04 9.646892176966681554e-01 4.053692493087147734e-04 1.008676079997499642e+01 5.317304453154825207e-04
4.863653445384596985e-01 7.013944530019660577e-04 9.727306890769191750e-01 1.402788906003932115e-03 1.010174334292431908e+01 1.840064494541382868e-03
4.984565055214074114e-01 6.472456042712087685e-04 9.969130110428150449e-01 1.294491208542417537e-03 1.011382073854964325e+01 1.698008372475812979e-03
4.925675949403958143e-01 3.731777440235663711e-04 9.851351898807918506e-01 7.463554880471327422e-04 1.011745776553938292e+01 9.790084855084127315e-04
4.870730328456414071e-01 3.369845714016467806e-04 9.741460656912828142e-01 6.739691428032935612e-04 1.009196135330221189e+01 8.840579565379266076e-04
5.049002715038199973e-01 5.209586676625812228e-04 1.009800543007639995e+00 1.041917335325162446e-03 1.015764152608063675e+01 1.366702489766160157e-03
4.807016836468303023e-01 7.446920388479641570e-04 9.614033672936606045e-01 1.489384077695928314e-03 1.008711829956630623e+01 1.953653014250533119e-03
4.902395860714368059e-01 2.941326726133214938e-04 9.804791721428735007e-01 5.882653452266429876e-04 1.008926315222029757e+01 7.716386756794424645e-04
4.838040343532872267e-01 4.207368167999241972e-04 9.676080687065743424e-01 8.414736335998483944e-04 1.008982414160576369e+01 1.103776736016824200e-03
4.933936892356636239e-01 7.578299313918270648e-04 9.867873784713273588e-01 1.515659862783654130e-03 1.010538593489234493e+01 1.988119456126057928e-03
4.762244456514659330e-01 6.826362587273445900e-04 9.524488913029318660e-01 1.365272517454689180e-03 1.006170789614996330e+01 1.790853573342553358e-03
4.844316975423950122e-01 9.311508120866156734e-04 9.688633950847900245e-01 1.862301624173231347e-03 1.007731448174981104e+01 2.442815946681731361e-03
