# The delta variance for H=0.5
4.993543132404831830e-01 3.215722374015533890e-04
5.017294036770589827e-01 4.141534978043697780e-04
4.925254516884893796e-01 1.215440132082877328e-03
4.822168048490129699e-01 1.823990709113989042e-04
5.018212107499588903e-01 1.002718880467356674e-03
5.032936985027056664e-01 8.534752086954358477e-04
4.932869458535980023e-01 5.822508222668910547e-04
4.938967442395463259e-01 1.076320925429818926e-04
4.920920379162410097e-01 1.607583897011604149e-04
4.761554539222130344e-01 8.114955310566209553e-04
4.836785821428990495e-01 1.033332893498636277e-03
5.047743460679110505e-01 5.637445301661114534e-04
4.832957512637308106e-01 1.449032428733503831e-04
4.881865730235752654e-01 3.139867657484188149e-04
4.964104517335798938e-01 2.607109821541788298e-04
4.952255457070686706e-01 5.600668574309362706e-04
5.002788194702254554e-01 8.544955243953092231e-04
5.013236427860330302e-01 6.547067355783105181e-04
4.929913130104950358e-01 7.679930594824246459e-04
4.999640489639478602e-01 2.092362189010185550e-04
5.167514672042339274e-01 2.053453678375969499e-04
4.947891399750719010e-01 1.166277517319228919e-04
4.935139881793138006e-01 2.406737049562221995e-04
4.787959627093063553e-01 1.121245102158919876e-03
4.907545151914542991e-01 1.562092262693846932e-04
4.992067856863497965e-01 4.645289096529254896e-04
4.934678600945827665e-01 1.330494699925591001e-03
4.754621580291638061e-01 7.087955016263804272e-04
4.946091230601750155e-01 8.699404891363221939e-04
4.958541044298949707e-01 9.839256057628243107e-04
4.978649144459244003e-01 6.501187525149804353e-04
4.824049417926854488e-01 4.364972692014772366e-04
5.110395474077082945e-01 7.402436515021795912e-04
4.926467219728394298e-01 4.201712747978161204e-04
4.878895727558185680e-01 1.088767347021529357e-04
4.894393359545932132e-01 2.124218438059868256e-04
4.882619751496082294e-01 6.788663219107441294e-04
4.967126381719380035e-01 1.371891149762703569e-04
4.866694696508564455e-01 4.749609893025780291e-04
4.769343296561432410e-01 7.228264781433533419e-04
4.818840926483645148e-01 4.834653426786192387e-04
4.965423008914882086e-01 4.382740980172029140e-04
4.929758695867900720e-01 1.902090715472730918e-04
4.879362066635433148e-01 5.990604388295295724e-04
4.903087025219217132e-01 5.090431939387363115e-04
4.944925842460587972e-01 8.888697417420338186e-04
5.002699521020366191e-01 4.265201963382197732e-04
5.048379427230615946e-01 3.503600002414741853e-04
4.918314320503109904e-01 1.379544489875407943e-03
4.999636677330934198e-01 9.687904223903125861e-04
5.059347083887377750e-01 1.215192598894006357e-03
4.772061050920823888e-01 4.051873759509981923e-04
5.066267831179225301e-01 9.786661929559425899e-05
4.977610193567563179e-01 3.596885914553017163e-04
4.954444922179428445e-01 3.058617099691743704e-04
4.823722982398654935e-01 1.053745736088114752e-03
4.868990085179101257e-01 4.310958083984392183e-04
5.107892755647991390e-01 6.187733513515050526e-04
4.965277429816037369e-01 4.281356061729693564e-04
5.149582254619482491e-01 6.840383366032639105e-04
5.033613128836522677e-01 2.705008519121256572e-04
4.954210696598815300e-01 1.063515833852235915e-04
5.042986655605248281e-01 3.579349214823461219e-04
4.944604837756361171e-01 6.709048885023008663e-04
5.079314604016014201e-01 1.838456822695216941e-04
5.174014431749764942e-01 2.878660930606341886e-04
4.781259330842428934e-01 7.406804517818069145e-04
4.879708806434099877e-01 9.221995435708082219e-04
4.836422079190265677e-01 3.485723713774407451e-04
5.151677812208701468e-01 3.719587737698838649e-04
4.879512176008304891e-01 7.484576524914820757e-04
4.694658604909303090e-01 1.409896365926974161e-03
4.838657454609172071e-01 5.244022026599869752e-04
4.963715436902473854e-01 1.232141824734255193e-04
4.958487531026178896e-01 5.944044758425565296e-04
4.931452816441459497e-01 2.941006327530107877e-04
4.997481299730897053e-01 2.679936809723668816e-04
5.062380927911505069e-01 3.421179432521012816e-04
4.942439864942256289e-01 1.040367448440140540e-04
4.795130590635623413e-01 2.748261005900620919e-04
4.843600948761588310e-01 5.139484536173841807e-04
4.836128757828044300e-01 2.740372120007865874e-04
4.986683098491060395e-01 8.074284008734762411e-04
5.028038510195755872e-01 2.936181563706761664e-04
4.801745119201479284e-01 1.297019460394507407e-03
4.980257417664333275e-01 2.908687226730577967e-04
4.973312271754317671e-01 4.460369495520235140e-04
4.849374226624341144e-01 8.402848459759821719e-05
4.823446088483340777e-01 2.026846246543573054e-04
4.863653445384596985e-01 7.013944530019655156e-04
4.984565055214074114e-01 6.472456042712084433e-04
4.925675949403958143e-01 3.731777440235668590e-04
4.870730328456414071e-01 3.369845714016468348e-04
5.049002715038199973e-01 5.209586676625808975e-04
4.807016836468303023e-01 7.446920388479643738e-04
4.902395860714368059e-01 2.941326726133211686e-04
4.838040343532872267e-01 4.207368167999243598e-04
4.933936892356636239e-01 7.578299313918266311e-04
4.762244456514659330e-01 6.826362587273439395e-04
4.844316975423950122e-01 9.311508120866159987e-04
