# H_est,H_std,A,A_std,B,B_std for H=0.6
6.353454948617356379e-01 1.578158903680976699e-03 1.270690989723471276e+00 3.156317807361953397e-03 1.107913031743680143e+01 4.140201205397023645e-03
5.431728706236045312e-01 2.665340633745007411e-03 1.086345741247209062e+00 5.330681267490014821e-03 1.081683985897103817e+01 6.992354591338047209e-03
5.214809877245543124e-01 3.318853057347974540e-03 1.042961975449108625e+00 6.637706114695949081e-03 1.060461957149773404e+01 8.706803442153493444e-03
5.975015968730668092e-01 2.561127749077956629e-03 1.195003193746133396e+00 5.122255498155913259e-03 1.092043749295802257e+01 6.876082332433309553e-03
7.363174899655087202e-01 5.137638390850371092e-03 1.472634979931017662e+00 1.027527678170074218e-02 1.154375805468668226e+01 1.245451767333121892e-02
5.581710990593582444e-01 1.467280007647181342e-03 1.116342198118716489e+00 2.934560015294362684e-03 1.078029782130849945e+01 3.849317361877749224e-03
5.620925504399805206e-01 1.020650143454670568e-03 1.124185100879961263e+00 2.041300286909341136e-03 1.105852554739545468e+01 2.677611835739454084e-03
5.340769918672756411e-01 9.058004393014026630e-04 1.068153983734551060e+00 1.811600878602805326e-03 1.064279177352517181e+01 2.376310822770499268e-03
5.980948267135708374e-01 1.276827506622055415e-03 1.196189653427141675e+00 2.553655013244110830e-03 1.104273425267775899e+01 3.349677063606128300e-03
5.102354435074409889e-01 3.205934311969249606e-03 1.020470887014881978e+00 6.411868623938499212e-03 1.056601197376233614e+01 8.446132962049717960e-03
5.897260750247790284e-01 4.570509972173819905e-04 1.179452150049558279e+00 9.141019944347639811e-04 1.093882747374700948e+01 1.199044715707068718e-03
6.195760375417695975e-01 1.075733720247501338e-03 1.239152075083539195e+00 2.151467440495002676e-03 1.100586560235112721e+01 2.822120175442836051e-03
5.102816671997345566e-01 1.438378654907578828e-03 1.020563334399469335e+00 2.876757309815157655e-03 1.072106081519524245e+01 3.773496460124239806e-03
5.098256503332185829e-01 3.100755481432369409e-03 1.019651300666437166e+00 6.201510962864738817e-03 1.054669734297945638e+01 8.134638092674707777e-03
5.095117009193850244e-01 4.628943210685136818e-03 1.019023401838770271e+00 9.257886421370273636e-03 1.078455405584393745e+01 1.214374323899125585e-02
5.310447584611175387e-01 1.125347101180891856e-03 1.062089516922235077e+00 2.250694202361783712e-03 1.077238288489358808e+01 2.952277777725669568e-03
5.040942498844702691e-01 7.791131301684942620e-04 1.008188499768940538e+00 1.558226260336988524e-03 1.059079835651018087e+01 2.043954577399206742e-03
5.036041686840229126e-01 1.454125405219772573e-03 1.007208337368046047e+00 2.908250810439545146e-03 1.073756950381815756e+01 3.814807091773240403e-03
5.440649599423386107e-01 8.575179909215399415e-04 1.088129919884676999e+00 1.715035981843079883e-03 1.070605781661028821e+01 2.249644852761483686e-03
7.157099098388954861e-01 2.019708020157772420e-03 1.431419819677790972e+00 4.039416040315544840e-03 1.141285473327606859e+01 5.399835449620694373e-03
5.557488349952923734e-01 2.590805874559218725e-03 1.111497669990584525e+00 5.181611749118437450e-03 1.105479050493996596e+01 6.796817269603614743e-03
5.284202275919214209e-01 2.558494980088183487e-03 1.056840455183842620e+00 5.116989960176366974e-03 1.065891161710443846e+01 6.712051639204052664e-03
5.214843321697117950e-01 2.874919520400747320e-03 1.042968664339423368e+00 5.749839040801494640e-03 1.059490108153915067e+01 7.542171599123138545e-03
8.095153112157005282e-01 4.554213116875619090e-03 1.619030622431401056e+00 9.108426233751238180e-03 1.182370176696568187e+01 1.077937933219864745e-02
6.490629838014876363e-01 2.353015223137661094e-03 1.298125967602975273e+00 4.706030446275322188e-03 1.117568034244347430e+01 6.172988392078111210e-03
5.950918512866743004e-01 1.200379473185962643e-04 1.190183702573348601e+00 2.400758946371925285e-04 1.098079768583378524e+01 3.149120528497952693e-04
4.444908269334955087e-01 1.561611167580927726e-03 8.889816538669907953e-01 3.123222335161855451e-03 1.050312785202378585e+01 4.096789312392989067e-03
5.837662752694880997e-01 4.635217114631557354e-03 1.167532550538976199e+00 9.270434229263114709e-03 1.124171661769589292e+01 1.221162268032508109e-02
5.662650848971604312e-01 4.117602294632606227e-04 1.132530169794320862e+00 8.235204589265212455e-04 1.071439527154403137e+01 1.080227217811095992e-03
5.653124500443287292e-01 7.514276670460146024e-04 1.130624900088657458e+00 1.502855334092029205e-03 1.081048994760876170e+01 1.971323525836524582e-03
6.174495703471909458e-01 2.413268683701927202e-03 1.234899140694381892e+00 4.826537367403854403e-03 1.136365356132663074e+01 6.331059573242722380e-03
5.400661001082713852e-01 2.514159818142509654e-03 1.080132200216542770e+00 5.028319636285019309e-03 1.079497261074912018e+01 6.595741118937012600e-03
6.025963605442770099e-01 1.075069569368901747e-03 1.205192721088554020e+00 2.150139138737803494e-03 1.086439373372292927e+01 2.820377808728519696e-03
5.067529679464564119e-01 9.553897548963428748e-04 1.013505935892913046e+00 1.910779509792685750e-03 1.063440301425861989e+01 2.506405307382220549e-03
5.285653386999431547e-01 1.110783275046754639e-03 1.057130677399886531e+00 2.221566550093509278e-03 1.065013273218528056e+01 2.914070487454744913e-03
7.028394054305127092e-01 3.314664676789912025e-03 1.405678810861025418e+00 6.629329353579824051e-03 1.150401383465293925e+01 8.695815604517884503e-03
6.749681777867511112e-01 1.009160764493027525e-03 1.349936355573502222e+00 2.018321528986055050e-03 1.157341251926164816e+01 2.647470180113317348e-03
5.793850622138889683e-01 1.465535846038800881e-03 1.158770124427778159e+00 2.931071692077601761e-03 1.104509961571934085e+01 3.844741678171725418e-03
4.564422584110061631e-01 4.040820181565339675e-03 9.128845168220122153e-01 8.081640363130679350e-03 1.051241467830849885e+01 1.060083912889811693e-02
5.715836027428680133e-01 2.669078873075445349e-04 1.143167205485736027e+00 5.338157746150890698e-04 1.093910087424601052e+01 7.002161553908781491e-04
5.213882068285768945e-01 2.127877609515542879e-03 1.042776413657153567e+00 4.255755219031085758e-03 1.098931369419472048e+01 5.582353839281708335e-03
5.927673670922164462e-01 2.941117585244122298e-03 1.185534734184432892e+00 5.882235170488244597e-03 1.094836134336558686e+01 7.715838039229333360e-03
5.458176372699958812e-01 6.070230715015276180e-04 1.091635274539991762e+00 1.214046143003055236e-03 1.097312878271770664e+01 1.592487076404861457e-03
6.729881988672883342e-01 2.494738230013308130e-03 1.345976397734576668e+00 4.989476460026616260e-03 1.135129874948233031e+01 6.544789850101481038e-03
5.860252599329851542e-01 9.874417315671863132e-04 1.172050519865970530e+00 1.974883463134372626e-03 1.096851919369390771e+01 2.590491652185165569e-03
5.928773210410520633e-01 1.053867149822680085e-03 1.185754642082103905e+00 2.107734299645360170e-03 1.088833715056881601e+01 2.764754601568367078e-03
6.091391728724540044e-01 9.534746971034550921e-04 1.218278345744908231e+00 1.906949394206910184e-03 1.096113542984664591e+01 2.501381280777165411e-03
7.771190473969604717e-01 2.820101475564461280e-03 1.554238094793920721e+00 5.640202951128922559e-03 1.212474510038777709e+01 7.476716419308292519e-03
6.231456055117048365e-01 1.589301450753382965e-03 1.246291211023409895e+00 3.178602901506765929e-03 1.132413336294003159e+01 4.169432977175010872e-03
5.717143501267005767e-01 1.021896256777259831e-03 1.143428700253400931e+00 2.043792513554519661e-03 1.110397117479597817e+01 2.680880947245791856e-03
5.204976005484205359e-01 2.609862818385150999e-03 1.040995201096841294e+00 5.219725636770301998e-03 1.072731365705427109e+01 6.846811952243197011e-03
4.225139267897652928e-01 1.870133545667602634e-03 8.450278535795303636e-01 3.740267091335205268e-03 1.044949807637127392e+01 4.906178471961421088e-03
5.189277980504516385e-01 2.386817365121454617e-03 1.037855596100903277e+00 4.773634730242909234e-03 1.055661977368277427e+01 6.261666139420096928e-03
7.269765874415630158e-01 2.156937898612594755e-03 1.453953174883126032e+00 4.313875797225189511e-03 1.172594920435498089e+01 5.876018121980759908e-03
5.126401786371872493e-01 3.654277589205028997e-03 1.025280357274374499e+00 7.308555178410057994e-03 1.063079022036622945e+01 9.708684432373246992e-03
5.281157938234759541e-01 3.017086942641477448e-03 1.056231587646951908e+00 6.034173885282954897e-03 1.066172393035431121e+01 7.915138958105128603e-03
5.834092091167835115e-01 4.954990473966423663e-03 1.166818418233567245e+00 9.909980947932847326e-03 1.112892946722292287e+01 1.452650821056576495e-02
5.681030020755613030e-01 2.625393389711653744e-03 1.136206004151122828e+00 5.250786779423307488e-03 1.081643053734848614e+01 6.887555395601600156e-03
4.754279686124727178e-01 2.630177885206743445e-03 9.508559372249454356e-01 5.260355770413486891e-03 1.072577854344960890e+01 6.900107255193172959e-03
5.384284136358825634e-01 3.763286099729190636e-04 1.076856827271765127e+00 7.526572199458381272e-04 1.068089353448148593e+01 9.872745894972472479e-04
5.846871361423211511e-01 3.936323066450501604e-03 1.169374272284642524e+00 7.872646132901003208e-03 1.108291041078543770e+01 1.032669751606612486e-02
6.328376575030554285e-01 2.299526593291564835e-03 1.265675315006110635e+00 4.599053186583129671e-03 1.114954607605655568e+01 6.032664315307799917e-03
5.164017904807494119e-01 2.131247992931575679e-03 1.032803580961499046e+00 4.262495985863151357e-03 1.074793649348465152e+01 5.591195972103810835e-03
5.869832172372375645e-01 7.093937218301441623e-04 1.173966434474475129e+00 1.418787443660288325e-03 1.111577109968750143e+01 1.861050079676896535e-03
5.284826084066840401e-01 1.991891142987665085e-03 1.056965216813368302e+00 3.983782285975330170e-03 1.084697987488767978e+01 5.225601911787361616e-03
7.283084088292688385e-01 6.094542590681051265e-04 1.456616817658537455e+00 1.218908518136210253e-03 1.173338985883960461e+01 1.598865149900960446e-03
5.875877497071815281e-01 3.429169741920638781e-03 1.175175499414363056e+00 6.858339483841277562e-03 1.109117710642938981e+01 8.996212594610617647e-03
6.037281254080899551e-01 6.406039444565100752e-04 1.207456250816179688e+00 1.281207888913020150e-03 1.095916242263633933e+01 1.680584391737980320e-03
5.667436426516339054e-01 3.145949831072164201e-04 1.133487285303267589e+00 6.291899662144328402e-04 1.087356547053678391e+01 8.253202750690021277e-04
5.852734881779615428e-01 7.366047959358109362e-04 1.170546976355923086e+00 1.473209591871621872e-03 1.103478647947103219e+01 1.932436643767136220e-03
7.304843549115447310e-01 9.567074868700694342e-04 1.460968709823089240e+00 1.913414973740138868e-03 1.173833477592694763e+01 2.509862267029175538e-03
5.168845005245894519e-01 5.659483848626246406e-03 1.033769001049178682e+00 1.131896769725249281e-02 1.076415526793687683e+01 1.420395499768127220e-02
6.040157815414004538e-01 8.208463630243456859e-04 1.208031563082801130e+00 1.641692726048691372e-03 1.094110064789611414e+01 2.153439136603686743e-03
4.942686843125223550e-01 3.719516292015424396e-03 9.885373686250445990e-01 7.439032584030848792e-03 1.056058694175904122e+01 9.757918501332868422e-03
6.336545436050990965e-01 3.278302593441709701e-03 1.267309087210198193e+00 6.556605186883419402e-03 1.115396793210607385e+01 8.600421863011291357e-03
6.846712494989424247e-01 1.590180719509309403e-03 1.369342498997884849e+00 3.180361439018618806e-03 1.152559064126967847e+01 4.171739703322773114e-03
5.517283285208232080e-01 6.313542977344844057e-04 1.103456657041646638e+00 1.262708595468968811e-03 1.089273658268697176e+01 1.656318542064644413e-03
5.014140101620476742e-01 1.716871633484159899e-03 1.002828020324095570e+00 3.433743266968319798e-03 1.068897226715157345e+01 4.504105396566778115e-03
5.891951670842174860e-01 3.602230646555646364e-03 1.178390334168434972e+00 7.204461293111292727e-03 1.092116585190088607e+01 9.450226983095669914e-03
5.855045120318260743e-01 5.656150520226469304e-04 1.171009024063651927e+00 1.131230104045293861e-03 1.081997839960983576e+01 1.483855728119723438e-03
5.886012015179005186e-01 1.262978699727628157e-03 1.177202403035801037e+00 2.525957399455256314e-03 1.103008542516184320e+01 3.313345692830376062e-03
5.254219217752265081e-01 3.571952681294555693e-03 1.050843843550452794e+00 7.143905362589111387e-03 1.066476998613722316e+01 9.370794591203815069e-03
5.753608285706959258e-01 2.299385884285925878e-03 1.150721657141391630e+00 4.598771768571851756e-03 1.077218164592414240e+01 6.032295164926157818e-03
5.659112169697331218e-01 2.343438809493086049e-03 1.131822433939466022e+00 4.686877618986172098e-03 1.094059148217587740e+01 6.147865238472019662e-03
5.633909313426272991e-01 1.473655786194065943e-03 1.126781862685254598e+00 2.947311572388131885e-03 1.086140492823299120e+01 3.866043862360281271e-03
4.372996954445795836e-01 2.744332178291974435e-03 8.745993908891590563e-01 5.488664356583948870e-03 1.048878120973140327e+01 7.199583964696023436e-03
5.049013839906171253e-01 3.362702132937940569e-03 1.009802767981234251e+00 6.725404265875881138e-03 1.068398745764462987e+01 8.821838892735890669e-03
5.432589463845713951e-01 1.340361214448557202e-03 1.086517892769142568e+00 2.680722428897114405e-03 1.081270117490201343e+01 3.516353865842825228e-03
4.610075683114618350e-01 3.004490350329188687e-03 9.220151366229236700e-01 6.008980700658377375e-03 1.059699728215732506e+01 7.882092609317603582e-03
5.502549127529889894e-01 2.478028668976873638e-03 1.100509825505978201e+00 4.956057337953747276e-03 1.103174141949410192e+01 6.500953293408093248e-03
5.484520083392492307e-01 4.584289994847284486e-03 1.096904016678498461e+00 9.168579989694568971e-03 1.104618021103790326e+01 1.230784164061083687e-02
6.551466447041434105e-01 1.491292783671125570e-03 1.310293289408286821e+00 2.982585567342251141e-03 1.099500629853787004e+01 3.912313368377848787e-03
4.569608585278008839e-01 4.687257805757529504e-03 9.139217170556015457e-01 9.374515611515059008e-03 1.073208962627128571e+01 1.252463711125698098e-02
5.759012434741748176e-01 7.324198730065430282e-04 1.151802486948349635e+00 1.464839746013086056e-03 1.096526303921569045e+01 1.921457749869215663e-03
5.008168999442070835e-01 1.278354266119081191e-03 1.001633799888414167e+00 2.556708532238162381e-03 1.055975822673049969e+01 3.353682495206670132e-03
5.830829026373312018e-01 1.966231903570633387e-03 1.166165805274662182e+00 3.932463807141266775e-03 1.105105614318360452e+01 5.158286436325034037e-03
6.475508149040756223e-01 1.892144895015472877e-03 1.295101629808151023e+00 3.784289790030945753e-03 1.139865058081983129e+01 4.963923864991787692e-03
5.831282355652980254e-01 1.432944121322660917e-03 1.166256471130596051e+00 2.865888242645321833e-03 1.091764861426314681e+01 3.759239299166960025e-03
4.608785972117626084e-01 3.425649325657387136e-03 9.217571944235253278e-01 6.851298651314774273e-03 1.054708760245592991e+01 8.986976889827608117e-03
5.168382165948766094e-01 3.473568410976829619e-03 1.033676433189753441e+00 6.947136821953659239e-03 1.084588480861013693e+01 9.502188766374186288e-03
