# The delta variance estimation for H=1.0 and its standard deviation
5.147699702756716178e-01 2.913245180798023975e-04
5.126034014530755911e-01 2.565265832162703930e-04
5.038766018597478080e-01 2.741038507381170393e-04
5.215855408443341723e-01 9.941595616319596552e-05
5.284434073861954406e-01 7.554001510658093143e-04
5.511592709820889446e-01 9.403762115821914748e-04
5.573135523303516248e-01 7.018272039731491630e-04
6.470477133872396536e-01 2.224479889214414034e-03
6.426526820381899263e-01 8.494455071465440484e-04
6.853852618263878149e-01 1.380159434273451561e-03
7.207862281849122255e-01 1.978629679826475474e-03
8.040917341705151600e-01 1.930715613480439791e-03
7.310025083030413651e-01 6.507947602150539971e-04
7.364276595965426608e-01 1.956779492540544878e-03
8.680052955422810079e-01 2.352367389271457689e-03
8.307973308191249906e-01 4.964643588274416730e-04
8.514304056363330986e-01 1.325910456854682362e-03
1.035542001006697355e+00 1.449045327952369188e-03
8.829487719376545307e-01 7.742046988392217504e-04
1.041143694934993036e+00 3.160247274546026681e-03
8.287320251633383261e-01 3.156966202752454348e-03
9.536978544080476627e-01 3.105362278241069474e-03
1.041932605103595755e+00 3.200965157003291938e-03
1.002614653830985247e+00 1.967963339608981219e-03
1.027996205822230280e+00 1.347916575049123121e-03
1.089278165953558197e+00 2.377757504734964635e-03
9.515617900538091423e-01 8.369689270833106194e-04
9.592211550288549660e-01 1.841654742946203984e-03
9.131220293424822110e-01 2.897782082747232899e-03
9.759723244514693086e-01 1.153522038947238154e-03
1.027715350613208400e+00 2.173049427237420169e-03
1.009477890558389657e+00 3.067965053050571069e-03
1.120848658076904591e+00 2.567275153896469726e-03
9.756232200630106099e-01 3.911018119222658268e-03
9.591255896392509861e-01 1.668449465583203952e-03
1.026957573265532275e+00 1.136393970650103127e-03
9.042629277284246481e-01 4.929855106729389563e-03
8.862804296739301702e-01 1.466995659684861876e-03
1.137462898762095165e+00 3.232946664024870242e-03
1.123081587822299721e+00 3.071128016584384699e-03
1.006337834112337681e+00 3.211585762638259275e-03
1.021154647624843204e+00 2.994363182316279147e-03
1.011735191935389633e+00 3.867051621633046943e-03
9.862904188902370528e-01 4.484571078581540277e-03
9.829575350196901873e-01 4.113550376265922605e-03
9.827081030775768333e-01 2.147266372656410609e-03
7.492363231375609445e-01 3.768454641214582807e-03
9.199499068912257993e-01 2.949551808868278689e-03
1.018440432781340999e+00 2.354502259871587861e-03
9.247022051933222464e-01 5.976389305310072717e-03
1.031327024656278901e+00 3.699347401210673156e-03
9.624348370733355473e-01 6.035897897274826625e-03
8.458517427431646585e-01 4.448528663746230925e-03
9.648103078261498489e-01 4.454221019804915915e-03
8.366954386389733322e-01 3.522589669216055416e-03
9.045585227208974288e-01 3.473156407858511534e-03
9.391409009581939138e-01 4.491324187517071846e-03
9.010233518179238121e-01 4.216183997913919984e-03
9.439523379654242152e-01 3.635299958451220122e-03
9.875772537634057713e-01 2.379094356644391537e-03
8.774476896892116073e-01 3.399821721538888019e-03
9.271812373490191383e-01 3.507826451980704946e-03
7.490356737968477674e-01 1.985871439095418176e-03
9.489968890261426537e-01 5.226018384234507735e-03
8.017886220036820610e-01 1.032743316348153431e-03
9.848030506461360467e-01 5.341252241233693070e-03
9.585674530943983918e-01 2.292016318365852796e-03
8.169519231907256263e-01 4.218391989848013605e-03
1.032303890194715912e+00 3.373361785947846803e-03
8.693518717904726856e-01 4.878295413591205928e-03
8.603056215368010129e-01 3.151915366406779842e-03
9.569768375618141754e-01 5.244643302917589671e-03
1.054414795230796731e+00 6.374225413996926874e-03
9.643461859325788144e-01 4.752836850011331153e-03
9.618613802104487576e-01 3.252021225547798225e-03
8.441324394334472903e-01 2.555953261472457532e-03
8.216898805490808755e-01 1.513881563262644983e-03
8.286245679275761056e-01 2.406752193252255194e-03
7.603810428125528098e-01 3.137418079517864840e-03
7.816586320843221802e-01 5.682893646684493774e-03
7.725355449785993311e-01 4.823276532298747220e-03
6.543970126222160566e-01 1.532630254344387452e-03
7.329151267266569292e-01 3.943524342667752147e-03
6.436528973057282776e-01 2.570765837271539022e-03
8.861310106282138666e-01 4.811710791640636149e-03
9.663984681311006408e-01 6.008507379286202009e-03
9.778966568962426109e-01 3.632477510452233275e-03
8.759084213417271947e-01 4.824473843064142932e-03
8.760393832296702321e-01 5.930066430486249408e-03
7.919782157395567346e-01 5.380504153438208682e-03
9.539645242558412175e-01 6.476733076052074503e-03
8.858324210561385748e-01 4.495289151277466651e-03
9.373367053382113401e-01 4.568110123996558906e-03
8.910351319900873257e-01 6.214596152461540103e-03
8.113245218436246908e-01 3.798690379760679900e-03
7.671213862244623538e-01 4.824909932712871836e-03
8.848827109030339422e-01 4.500921222544775752e-03
8.385023391530830317e-01 5.708082907346547462e-03
9.754677966584388571e-01 5.359867692823149475e-03
7.074605526481330120e-01 1.471587073433264789e-03
