# The delta variance estimation for H=0.5 and its standard deviation
5.146426869710689633e-01 2.901869332739331268e-04
5.046945065565693334e-01 6.850761578166239573e-05
5.007272252069747687e-01 2.008227672512985149e-04
4.968576140889602311e-01 2.954926081448932314e-04
4.898554075339034419e-01 7.983804315022668702e-04
4.776315867464195897e-01 1.052714767345153514e-03
5.014372587859758923e-01 6.265430580098742697e-04
4.771331590190828198e-01 3.201147381179173510e-04
4.846210097605825329e-01 5.362843711538122643e-04
4.607756258078103961e-01 1.609382429205699974e-03
4.883184363874009115e-01 6.889407035522012801e-04
4.128140608770349829e-01 1.874083364198805791e-03
5.072364471614880799e-01 1.930311054894441299e-03
3.953238951592468187e-01 3.583997619482314628e-03
4.520384232073149100e-01 1.479523162526807066e-03
4.552625522024507099e-01 1.479537518552255992e-03
4.534138788148798227e-01 7.525904980452012474e-04
4.112399545515261767e-01 3.937849141556773458e-03
4.234560862969287687e-01 1.382778994099923778e-03
4.122275866197269156e-01 7.737968012582524448e-04
4.045759122970826738e-01 4.915868319148918551e-03
4.953300411340351150e-01 2.331656243918570764e-03
3.987699540451363767e-01 2.109134429237401621e-03
5.340758912414904636e-01 1.205109259551520899e-03
5.446955203248466937e-01 4.307074166667044894e-03
4.509352942017343935e-01 2.520821876913083293e-03
5.319750220954220232e-01 2.591340905249958897e-03
3.840319199038171316e-01 4.332074632321264787e-03
4.957367973068822486e-01 3.055914536838894805e-03
3.829574327159541713e-01 3.722295047843407543e-04
2.519990372779346011e-01 5.540141083254233097e-04
4.980605622838594204e-01 4.656642318170157654e-03
3.478613084709534231e-01 2.991033155273281792e-03
3.889276532231957795e-01 3.409866664356912911e-03
3.107830228075683099e-01 9.791424716066074452e-03
5.236140691406050429e-01 2.746005715271209163e-03
4.393484082583989370e-01 2.291821437483943045e-03
3.939877842516297246e-01 3.127361773795790407e-03
5.481219914224135792e-01 4.111451254522467680e-03
4.168210816782522699e-01 5.404876070361668179e-03
3.977678723292528140e-01 4.135947446682804521e-03
2.757380079964570907e-01 6.067500971623860338e-03
2.808462447097468395e-01 2.331347547848729163e-03
4.372037824013403906e-01 2.753899001156555511e-03
3.518459272574783192e-01 2.214362535274338410e-03
4.698408956342694509e-01 3.618647252342013614e-03
2.046659706774420773e-01 2.923337973246976310e-03
2.433084760228503285e-01 1.136972755517408383e-03
3.789368688973018262e-01 5.788582619423584055e-03
5.357153636200742142e-01 3.143465954884718840e-03
2.911965076607536673e-01 2.820497995438507165e-03
4.713256275743527013e-01 2.148235684568676127e-03
2.677667269873431621e-01 5.077901450023759693e-03
3.023462830520298184e-01 1.951946625920919672e-03
2.209030280568420324e-01 4.214987805740377964e-03
1.571260752669167982e-01 2.859096543861374545e-03
3.170875302342857083e-01 1.291447447175699936e-03
3.950148366512302722e-01 7.035364600766348675e-03
2.445236919340525450e-01 6.118427151441659627e-03
2.724995956871409941e-01 5.657261119794619771e-03
2.224134038420790827e-01 3.130609202911498277e-03
1.573773633314319298e-01 2.884778157851808616e-03
1.136358850780945229e-01 2.199449532146928975e-03
3.046389498643204963e-01 3.023059089789232722e-03
4.584793438319767489e-02 9.244958392433988469e-04
7.184346736885416362e-02 3.455876036833989938e-03
3.448497866566291314e-02 2.706428520117861412e-03
8.675932183534862396e-02 4.266942319538563275e-03
1.024795308489268031e-02 1.802014298862506577e-03
2.189262509537581725e-01 2.171912183826295566e-03
2.784572197553234485e-01 8.157240094726589050e-03
1.921076862844512956e-01 5.972286163622673831e-03
5.666495000391313930e-02 5.554609519909707582e-03
2.034160067311696629e-02 1.306304174246216516e-03
-3.058240195437222919e-02 3.224576722669651816e-03
1.153309063649097244e-01 3.773858908168020981e-03
1.024414299875811007e-01 3.924324511478271063e-03
3.523347522375566143e-01 7.118422315835000631e-03
1.998706752664185515e-01 4.569926486189722359e-03
1.421379333957046853e-01 5.431530441016743475e-03
1.015896292851010685e-01 4.343314144389006856e-03
-3.285736688900753322e-03 5.156501093179448499e-03
-5.819608700269818247e-02 5.543106815887970801e-03
-4.120872742882097928e-02 2.821323191214065561e-03
-1.327272565576671504e-01 4.093990690385795883e-03
5.135182303053076325e-02 5.140495513817029856e-03
5.683402369549606092e-02 4.615294261737913281e-03
2.496512370490244770e-02 6.877467668309196133e-03
2.166659260783689867e-01 3.554338114611308493e-03
2.118424720145473117e-02 2.700909041567525933e-03
-6.868872050411356511e-02 4.341550125293647429e-03
8.188564440614709561e-02 5.230129500749830518e-03
2.365570742149707417e-01 3.881059855257825136e-03
4.926960070959252036e-02 4.067941870465449118e-03
-7.817141769042745825e-02 2.706795719094547484e-03
1.000832835272840171e-01 6.743737517356933851e-03
5.466214883561071325e-02 5.583734111795432206e-03
4.053966231323480329e-03 4.687315329341316429e-03
-6.460619863229144499e-02 6.644888357201534680e-03
-2.416250908016258636e-01 6.928904854091470777e-03
