# The delta variance estimation for H=0.0 and its standard deviation
5.146705089434815417e-01 2.877881937680592454e-04
4.899727485683245121e-01 6.845330674214249699e-04
4.320771846887760947e-01 2.261932181179521391e-03
3.345335223643253197e-01 1.671607707251392084e-03
2.655600431095419545e-01 1.246373079668787898e-03
2.498944818422479397e-01 2.711591421263315205e-03
1.792799948261216691e-01 3.176573403707610987e-03
1.335560423545636421e-01 2.028952757449368951e-03
9.836518128567339758e-02 1.841858787777900025e-03
1.013612532874801353e-01 1.387125318872720016e-03
5.865551401208257687e-02 1.179844838493670969e-03
-2.096851169904434542e-03 8.636440327180733680e-04
2.365532135462311558e-03 3.594966385530100035e-04
8.550562065998690287e-04 5.396074600379137951e-04
7.848329087170036189e-03 1.564208366995812954e-03
-1.626873290669006433e-02 7.328627924649799537e-04
-2.723014505619714143e-02 6.507261063371239107e-04
-6.033240105064319181e-02 1.552483466915821446e-03
-1.179394207122620442e-01 1.655798901813800928e-03
-1.160303515371663430e-02 1.459041162246010361e-03
-8.523700940853795593e-02 8.852630377122394298e-04
-6.176544951823736973e-02 1.533322913627800091e-03
-1.251190098275489770e-01 8.604924313853028325e-04
-1.171200994984417099e-01 1.897141011747872398e-03
-1.235794886788598168e-01 1.475239777494623955e-03
-8.607566496312046844e-02 1.715582535829138439e-03
-6.475737539738279924e-02 1.541891243017486004e-03
-1.211015594103931337e-01 1.396202910645286642e-03
-3.127297914264318690e-01 1.638596430992182674e-03
-1.215437986533726145e-01 1.034345340411012629e-03
2.898390775122683394e-02 5.631863188064170980e-03
-1.784714694885045638e-01 1.108938192932139299e-03
-2.059774880563118860e-01 1.012802071508860828e-03
-2.485264230535185748e-01 2.329961033810466330e-03
-2.767683948993984178e-01 2.536247456154934726e-03
-2.712500807170614703e-01 2.426324004549512778e-03
-1.093494717265450777e-01 7.343719622559766180e-03
-2.131134486480115164e-01 1.387712816034111438e-02
-2.875336893979428821e-01 5.754824595446223108e-03
-3.513617611179249423e-01 1.281935922536634647e-03
-2.915514447936399245e-01 9.849966548816952317e-04
-2.933232601024806652e-01 1.916678922609135576e-04
-3.578846809723926770e-01 2.894253487247676511e-03
6.470810663916282124e-02 3.375105815873140954e-03
-3.961493820114853071e-01 4.061941518706198122e-03
-2.751643404525463410e-01 4.162212232575702824e-03
-4.307207589719325158e-01 3.800953158947962141e-03
-3.777685519714346629e-01 2.373052249926219971e-03
-3.020105795018330763e-01 2.404539799361422783e-03
-1.297262225689033155e-01 3.579147469291978079e-03
-2.949588955777464605e-01 1.016458462063224259e-02
-3.404849160829124255e-01 2.597279292028447945e-03
-4.541399985840117726e-01 2.097887790834728535e-03
-4.353731322116731750e-01 2.012066391829224737e-03
-4.059672269802021560e-01 2.001271245906200563e-03
-4.837891610909030859e-01 4.675332719390352118e-04
-4.770088432717645155e-01 2.407663469295087157e-03
-4.063753510806427105e-01 4.287233285334882994e-03
-5.044534903954893679e-01 2.645094964798353366e-03
-4.836169602184321459e-01 4.778016256331318531e-03
-4.320193050742195950e-01 1.587274674507707780e-03
-7.100402989646943386e-01 9.101061676153201704e-03
-4.626626324284812686e-01 1.563131791120310260e-03
-7.199002134954679555e-01 5.552133109076045833e-03
-6.124902712442125141e-01 1.991995093617420984e-03
-6.298607448927002750e-01 2.095737497126208548e-03
-7.341702160410248368e-01 2.172393637041278563e-03
-3.257363979539233956e-01 3.501645396790120570e-03
-4.921587630858555995e-01 4.495755743752884517e-03
-7.549598444037577405e-01 4.414018691490604815e-03
-4.465286216414527942e-01 5.063111927504306345e-03
-7.280598948709359197e-01 3.015009186376954586e-03
-7.640919454323817916e-01 4.783508992166485806e-03
-7.967111565862535771e-01 6.331808687087035238e-03
-3.260394619392392723e-01 1.229336185517854261e-03
-7.943470342207630264e-01 3.594370069720291549e-03
-4.275922941103748043e-01 6.881542693657320860e-03
-9.291506772943467496e-01 1.428992836404076447e-03
-8.502749888779131959e-01 1.578023127034813670e-03
-6.127215846852936965e-01 3.546535802809295135e-03
-5.765296619159231417e-01 4.071627362794929920e-03
-6.302319279601849011e-01 3.790046513374797574e-03
-5.238827940896179092e-01 5.545579102872527470e-03
-9.639596716367803131e-01 1.696733573610388970e-03
-8.761234505555237639e-01 2.978521128167625417e-03
-6.642272452149019513e-01 6.557568797874515319e-03
-7.639056973071415291e-01 1.329230943229336038e-03
-8.180440013685681411e-01 2.230469207127803739e-03
-5.141709364487863088e-01 4.981947302104436544e-03
-8.293206466512605957e-01 3.910873787727299662e-03
-3.758460642756386028e-01 3.223832761308241535e-03
-8.447538790201948311e-01 5.956369264251927184e-04
-9.117538646447852502e-01 3.590792265303518940e-03
-8.955355952533911035e-01 7.910146282596846592e-04
-4.927681019841360088e-01 3.735755107511638373e-03
-9.574202657685890738e-01 7.650962358060481305e-04
-9.760630800477885227e-01 1.719308878857751723e-04
-8.539857207820287233e-01 2.223502023282815810e-03
-5.514822271634672868e-01 3.364500760165693716e-03
-9.737544622876590505e-01 5.873147236050332278e-04
