# The delta variance for H=0.0
-1.616512999579988730e-03 4.168231277459079039e-04
1.654828934831154008e-02 4.941086861399370152e-04
-4.847435709855130170e-03 3.419843153129795946e-04
-9.384159681478210224e-03 4.568219475382341230e-04
-1.614855129080106089e-03 2.142877733424108238e-04
4.622321871810886051e-03 6.882017877460184737e-05
2.476824316443693164e-03 2.882348850111584931e-04
7.384507126255046572e-03 4.066352418924705438e-04
-7.028442933922462998e-03 7.753462342518516669e-05
-9.157425958319365122e-03 5.219844774714646777e-04
-2.308196255926420193e-02 1.285886499474274631e-03
-8.994296664012302323e-03 6.359446396085917256e-04
-1.260260639196308929e-02 4.770059205055432808e-04
1.608535914998876493e-03 8.191459868781295007e-05
-6.871680362291243682e-03 2.221280516757585734e-04
-6.662775754218364099e-03 4.245920569390626803e-04
-1.011718796482019567e-02 7.140706706091359563e-04
-1.512862949186621897e-02 7.462472203108732900e-04
1.360714321104783409e-02 1.465250104847225980e-04
-4.728870158020592740e-04 3.499137629947112306e-04
-6.568215278451305927e-03 5.539845141373846713e-04
-9.109927535172590574e-03 1.211853744250537867e-03
-1.674321444346982268e-02 1.113870867691998641e-03
-1.512564727567211609e-02 6.538914757781885256e-04
-3.773532385076050488e-03 5.134307178786490450e-04
-5.662612164397229364e-03 1.235617111711945519e-03
7.395662883802334164e-03 5.268442181259302406e-04
4.787405352904006151e-03 2.923829345689902236e-04
5.162866101000584962e-03 3.581395407746249438e-04
-6.372842538492240472e-03 3.484494617770472345e-04
-5.819045672003086977e-03 3.437250015219323941e-04
-6.748824135032083227e-03 3.453383879592503299e-04
-1.247796604371131934e-03 6.824948983366142590e-04
-3.412466101704314525e-04 1.040347827071732043e-04
-1.177359081822260123e-02 4.989693059999982753e-04
-1.667510002778649358e-03 2.475211239364282357e-04
-1.070166317348242302e-02 5.436273208473304521e-04
-7.332057033059724560e-03 1.913683672100563633e-04
-5.024391052658061518e-03 8.310769843453048476e-04
6.745041443264154779e-03 5.057574751880226276e-04
5.188409902453727796e-03 1.858530816353322129e-04
-7.904018217442798644e-03 3.785170562825608954e-04
-2.484227596425081508e-03 5.492284438031156974e-04
-7.205359391864396557e-03 4.576148292986733116e-04
5.730089559583984027e-03 3.827608656504229265e-04
1.167290970141454665e-03 2.014881587997255591e-04
-2.959522162920280586e-03 2.796437280371934036e-04
-1.265982281192046255e-02 1.409765662142044860e-03
5.371853933025860783e-03 4.807694230122846286e-04
-4.383880441881538026e-03 8.104813207299216195e-04
-1.782366799027390591e-02 2.652772500466662217e-04
4.123725997166483026e-03 2.795749451485105529e-04
-5.107040672817642069e-03 2.457442938861587869e-04
7.202790013512316847e-03 1.659557815911116212e-04
-4.907188094112946430e-03 3.628388663155145892e-04
-1.365878272828502382e-02 3.960854013934699078e-04
-3.813633544560435240e-04 1.041399690234919956e-04
-1.991562708372085488e-03 2.604519825012319872e-04
-4.693143943315103428e-04 2.884008646466210829e-04
-1.988904112110279065e-03 7.353999850807908887e-04
7.975529105953116371e-03 4.202344387446683245e-04
-1.595250881409226995e-02 6.014420752951731919e-04
-3.832163950137523756e-03 3.402699334294205405e-04
-5.418530539362809151e-03 2.726847164186646066e-04
5.194526846390878916e-03 4.687783583761430417e-04
-9.536695588969856807e-03 1.437625194571308168e-04
5.290452832013681217e-03 2.511378341217702080e-04
-8.743554619437654551e-03 1.888075255007798641e-04
-8.220606975606337130e-04 3.201852820666736322e-04
-1.172539889906520916e-02 8.900547317092279706e-04
-8.060506083720220261e-03 6.371450090876869688e-04
-1.978690636029334371e-02 4.120915525955804143e-04
3.391883444072929521e-03 1.313356992208484326e-04
-4.525232144777624477e-03 5.490063944096573809e-04
-1.480885910270124395e-02 2.308029164413581073e-04
-1.877579364359394098e-03 6.557624770597175225e-04
-1.175089270681584086e-02 4.351741638519190437e-04
-1.419965171659032244e-02 1.627472213148889468e-04
-4.716657271372048932e-03 3.469980673134886594e-04
1.626222805932719950e-04 6.594526830812407012e-04
1.178925718892998020e-02 4.761055701641753093e-04
-1.046635939889783984e-02 1.188028367108153165e-03
5.287006594707710505e-03 2.854014202672684286e-04
-1.202418733905241677e-02 6.427988212325255399e-04
-3.064046516668583742e-03 3.328848719524929900e-04
-1.603550911607942719e-02 5.463807971311432756e-04
-5.161344688783486845e-03 2.184543614484423359e-04
-5.590823159678515175e-03 2.571462551029282911e-04
1.437867867368525232e-02 7.484851012754401966e-04
-3.011522557092916053e-03 1.480731649924615641e-04
-2.822314148913096510e-03 5.701743447213503211e-04
2.578957047349117460e-03 5.285627605294765255e-04
-1.444459190966917994e-03 4.288876972353588331e-04
-4.901734174515892661e-03 6.336985009281336390e-04
-2.846442434281337697e-03 2.867511886666048197e-04
-7.534397659936686864e-03 6.861477669599876138e-04
-9.182792118088145550e-03 7.861095105979677743e-04
-1.495679118453785428e-02 7.917275325013789196e-04
-9.149400492283188413e-03 2.698956914305559616e-04
-6.079575439921214297e-03 2.977210791797743682e-04
