# H_est,H_std,A,A_std,B,B_std for H=0.7
6.348957035654139158e-01 1.168720980850617352e-03 1.269791407130827832e+00 2.337441961701234704e-03 1.089349712565405248e+01 3.066066454112041043e-03
6.337785795895043428e-01 3.880994760668876869e-03 1.267557159179008686e+00 7.761989521337753738e-03 1.085140494051244708e+01 1.018154714436466345e-02
5.869701730255689753e-01 3.493359512227056912e-03 1.173940346051137951e+00 6.986719024454113823e-03 1.059737908582024879e+01 9.164610293470258628e-03
5.832862531266411743e-01 1.686878835869008936e-03 1.166572506253282349e+00 3.373757671738017872e-03 1.075303252284442834e+01 4.425421173653352677e-03
6.513297200103111972e-01 1.896288996608665916e-03 1.302659440020622394e+00 3.792577993217331831e-03 1.102080021236221619e+01 4.974795627218353382e-03
6.180586737703248623e-01 2.332612322007134899e-03 1.236117347540649725e+00 4.665224644014269798e-03 1.091718916638484771e+01 6.119462634834713435e-03
6.415192827359978978e-01 1.237244266230317497e-03 1.283038565471995796e+00 2.474488532460634993e-03 1.086898336231002915e+01 3.245832986548669290e-03
6.536759033433465760e-01 4.122513463434039150e-04 1.307351806686693374e+00 8.245026926868078299e-04 1.080354683146868844e+01 1.081515633385724635e-03
6.498105497374013773e-01 1.459613576278284653e-03 1.299621099474802755e+00 2.919227152556569307e-03 1.080341925818264137e+01 3.829204989690338477e-03
6.742631905100708867e-01 1.418878560194674439e-03 1.348526381020141773e+00 2.837757120389348877e-03 1.090280593641424112e+01 3.722339229531758907e-03
5.857097972029989830e-01 2.761015225765119183e-03 1.171419594405997966e+00 5.522030451530238367e-03 1.063270657879441750e+01 7.243350853006582865e-03
7.738498086615630545e-01 1.381760543548491912e-03 1.547699617323126109e+00 2.763521087096983825e-03 1.190572473882221871e+01 3.624962386766543074e-03
6.798341930263580579e-01 1.351148549745028078e-03 1.359668386052716338e+00 2.702297099490056156e-03 1.103639228795544902e+01 3.544653758891688246e-03
6.694605917001541506e-01 2.193966520718444377e-03 1.338921183400308301e+00 4.387933041436888754e-03 1.097871037700994989e+01 5.755733975370384142e-03
5.752357799692600082e-01 2.734781418644016086e-03 1.150471559938520238e+00 5.469562837288032171e-03 1.065027271037654621e+01 7.174528133053597982e-03
7.281425490819453117e-01 1.738572796662734773e-03 1.456285098163890623e+00 3.477145593325469547e-03 1.121006092246630104e+01 4.561037025798873011e-03
6.283818682629407348e-01 1.709932828575609111e-03 1.256763736525881470e+00 3.419865657151218222e-03 1.076979562799457213e+01 4.485901865020525299e-03
6.466381408897399208e-01 4.055437886611724637e-04 1.293276281779479842e+00 8.110875773223449273e-04 1.082131823658566283e+01 1.063918773465392931e-03
6.904474903296455857e-01 1.943524934117282083e-03 1.380894980659291393e+00 3.887049868234564165e-03 1.104163128368769264e+01 5.098716186298313247e-03
7.651545799690273597e-01 1.317698967471659169e-03 1.530309159938054497e+00 2.635397934943318338e-03 1.144376993457818692e+01 3.456900863690874192e-03
6.925486089304877524e-01 2.646337286194969541e-03 1.385097217860975283e+00 5.292674572389939082e-03 1.112903335156766360e+01 6.942500467906899744e-03
6.349139150243645613e-01 2.236073082883059237e-03 1.269827830048729123e+00 4.472146165766118474e-03 1.075530817627447000e+01 5.866197985065399120e-03
6.158832521250050540e-01 1.630616364077288813e-03 1.231766504250009886e+00 3.261232728154577626e-03 1.070141784345241653e+01 4.277820089943330448e-03
6.077439873137058246e-01 1.560366646666648278e-03 1.215487974627411649e+00 3.120733293333296555e-03 1.063698283741058326e+01 4.093524384909491727e-03
8.539453074245302311e-01 4.652272671094329244e-03 1.707890614849060684e+00 9.304545342188658488e-03 1.186395103052195132e+01 1.344879496243183564e-02
6.389704638628512789e-01 1.683146349571475013e-03 1.277940927725702558e+00 3.366292699142950026e-03 1.093404261194738680e+01 4.415629239912537661e-03
6.045316111933147774e-01 2.512448289354976636e-03 1.209063222386629333e+00 5.024896578709953272e-03 1.073312447316920704e+01 6.591250981918713760e-03
6.352298231814006435e-01 6.643310174773338090e-04 1.270459646362801509e+00 1.328662034954667618e-03 1.079914691967116092e+01 1.742830891939832873e-03
6.574944725978462134e-01 1.446159804834040588e-03 1.314988945195692427e+00 2.892319609668081177e-03 1.101530044270070086e+01 3.793909874905976483e-03
7.002870610123483885e-01 3.150663336241526537e-03 1.400574122024696555e+00 6.301326672483053074e-03 1.111405545472210576e+01 8.265568221789091480e-03
5.833160600960727304e-01 1.869859731285938029e-03 1.166632120192145461e+00 3.739719462571876058e-03 1.067498856829345577e+01 4.905460133402490819e-03
6.439141088251707501e-01 2.539659183079116312e-04 1.287828217650341278e+00 5.079318366158232624e-04 1.077900485433098332e+01 6.662637080313776146e-04
7.874041287778124065e-01 4.331128258463258669e-03 1.574808257555625035e+00 8.662256516926517338e-03 1.129272758472437133e+01 1.091542250606044109e-02
6.371649875868925506e-01 1.680641093485898355e-03 1.274329975173784879e+00 3.361282186971796711e-03 1.096465813440311265e+01 4.409056838970364274e-03
7.231081388663103127e-01 1.775761375509149649e-03 1.446216277732620403e+00 3.551522751018299298e-03 1.110158769948114532e+01 4.658598942973504742e-03
6.508642808053437534e-01 1.078776728335646825e-03 1.301728561610687729e+00 2.157553456671293651e-03 1.095203546905147007e+01 2.830103323710567078e-03
7.370175791957591649e-01 1.418659562561483791e-03 1.474035158391518552e+00 2.837319125122967581e-03 1.132912733180154419e+01 3.721764672284976188e-03
9.846711966511536573e-01 2.767360297893614249e-03 1.969342393302307537e+00 5.534720595787228498e-03 1.219417303279892550e+01 7.260939523979168322e-03
6.676472216993127873e-01 1.561452420326372298e-03 1.335294443398625797e+00 3.122904840652744596e-03 1.088370408076722207e+01 4.096372828961422977e-03
6.474253826142311041e-01 5.430742975939703522e-04 1.294850765228462430e+00 1.086148595187940704e-03 1.098853085909193439e+01 1.424721476707246914e-03
6.793721800220882123e-01 6.734972109116785363e-04 1.358744360044176425e+00 1.346994421823357073e-03 1.087684797399191972e+01 1.766877825648966978e-03
6.378628005066158124e-01 3.548856966283079131e-03 1.275725601013231403e+00 7.097713932566158263e-03 1.097166516112004864e+01 9.310204399986938412e-03
5.318907209926031499e-01 4.949593323575268537e-03 1.063781441985206078e+00 9.899186647150537074e-03 1.095686250419604235e+01 1.361993812413330417e-02
5.471930209499014097e-01 2.656212269178264123e-03 1.094386041899802819e+00 5.312424538356528246e-03 1.064203715806033834e+01 6.968406861393651626e-03
5.826199875710784681e-01 2.410216893986732913e-03 1.165239975142156714e+00 4.820433787973465826e-03 1.056148227449825860e+01 6.323053328944176939e-03
7.942659713176241087e-01 2.014701485804212214e-03 1.588531942635248217e+00 4.029402971608424429e-03 1.154800143895427844e+01 5.307793301606081142e-03
6.654690185078870890e-01 4.064445107280412715e-03 1.330938037015774178e+00 8.128890214560825431e-03 1.135436391302044612e+01 1.066281770513625472e-02
6.433654789093923299e-01 1.851015514143461872e-03 1.286730957818784882e+00 3.702031028286923743e-03 1.073249581432784971e+01 4.856023523908247624e-03
6.862136501211217876e-01 3.739662354525150490e-03 1.372427300242243353e+00 7.479324709050300980e-03 1.111112272011805935e+01 9.852256029374702531e-03
6.849622016444061323e-01 3.617904953547918922e-03 1.369924403288812487e+00 7.235809907095837844e-03 1.109570062265032497e+01 9.491347461811369332e-03
6.972262706722474057e-01 8.290083027591471816e-04 1.394452541344494811e+00 1.658016605518294363e-03 1.103820238989086633e+01 2.174851444665378084e-03
5.863051593475558931e-01 1.425602146799287125e-03 1.172610318695112008e+00 2.851204293598574250e-03 1.075554918295683393e+01 3.739978109194431848e-03
7.049618897230072179e-01 7.181550620975971902e-04 1.409923779446014436e+00 1.436310124195194380e-03 1.110936947540571396e+01 1.884034903127746342e-03
7.116107417123536116e-01 2.029047571744184517e-03 1.423221483424707223e+00 4.058095143488369035e-03 1.119142697256899766e+01 5.323079353602009310e-03
7.806251212932571182e-01 3.729343029281878986e-03 1.561250242586514236e+00 7.458686058563757972e-03 1.141156687286742866e+01 1.020187842803598616e-02
6.544275761572162509e-01 2.216059712510459311e-03 1.308855152314432280e+00 4.432119425020918622e-03 1.090172692583721492e+01 5.813694101838599512e-03
7.515393225620974338e-01 2.675296578370600295e-03 1.503078645124194868e+00 5.350593156741200590e-03 1.132781211659821174e+01 7.273022383985514906e-03
6.372601364832837234e-01 1.736181734423594041e-03 1.274520272966567447e+00 3.472363468847188082e-03 1.076020644020218953e+01 4.554764188142028207e-03
6.088168150692871983e-01 5.525696093193856791e-04 1.217633630138574619e+00 1.105139218638771358e-03 1.084895701312397343e+01 1.449631822224134317e-03
7.538599502912162187e-01 1.778450095314598007e-03 1.507719900582432659e+00 3.556900190629196015e-03 1.127478179263624902e+01 4.665652610527063100e-03
6.711411066666657099e-01 1.406623294042865218e-03 1.342282213333331198e+00 2.813246588085730436e-03 1.102422216235089536e+01 3.690188295048860839e-03
6.075986152817738351e-01 3.259514451180808674e-03 1.215197230563547448e+00 6.519028902361617347e-03 1.076540460596345206e+01 8.551132427196666413e-03
6.047284228564855368e-01 4.785754134915414480e-03 1.209456845712971074e+00 9.571508269830828960e-03 1.080162651191049328e+01 1.255512673973509068e-02
6.515941639133315810e-01 3.609757738898960143e-03 1.303188327826663384e+00 7.219515477797920286e-03 1.096808643864581612e+01 9.469973718631174986e-03
6.336040256846668939e-01 5.524607855571461723e-03 1.267208051369334010e+00 1.104921571114292345e-02 1.095758726976010244e+01 1.463103237366464304e-02
6.382933437907818419e-01 2.420265527621420949e-03 1.276586687581563684e+00 4.840531055242841899e-03 1.086855913029330623e+01 6.349415288156501011e-03
7.021127066055343757e-01 1.018362650842437106e-03 1.404225413211068751e+00 2.036725301684874211e-03 1.099469107414901714e+01 2.671610768995576462e-03
7.192010105919335317e-01 1.523551058495603268e-03 1.438402021183866841e+00 3.047102116991206536e-03 1.127949172415205226e+01 3.996940939508366979e-03
6.057940622077910842e-01 2.037791888385353297e-03 1.211588124415582168e+00 4.075583776770706594e-03 1.091967332569566018e+01 5.346019626480249219e-03
6.389695566695290374e-01 7.582976463903517332e-04 1.277939113339058297e+00 1.516595292780703466e-03 1.079243166521543884e+01 1.989346469373611068e-03
7.827219212179872265e-01 1.537888752459825193e-03 1.565443842435974231e+00 3.075777504919650386e-03 1.150218461342785936e+01 4.034554989123279034e-03
5.848923871880398195e-01 2.505950285923828728e-03 1.169784774376079639e+00 5.011900571847657457e-03 1.058074937530690818e+01 6.574203888716363339e-03
6.155679429587406215e-01 7.160334907454125484e-04 1.231135885917481243e+00 1.432066981490825097e-03 1.077510043765033565e+01 1.878469090630192602e-03
8.576679003938294521e-01 1.965744945649073976e-03 1.715335800787658904e+00 3.931489891298147951e-03 1.180091015445543867e+01 5.157008991477609466e-03
6.014906352720390537e-01 1.450393842271644265e-03 1.202981270544078329e+00 2.900787684543288530e-03 1.076153083817980161e+01 3.805017550374665929e-03
6.659211254786958634e-01 1.417579257567381460e-03 1.331842250957391727e+00 2.835158515134762920e-03 1.092326715317074104e+01 3.718930573187050406e-03
7.215320517787859878e-01 1.197074763615171107e-03 1.443064103557571976e+00 2.394149527230342214e-03 1.120728705986394935e+01 3.140450812057291995e-03
6.192929687685058138e-01 8.353292250019167271e-04 1.238585937537011628e+00 1.670658450003833454e-03 1.068785832172880568e+01 2.191434000113864564e-03
7.516616709447276889e-01 2.704968012131605485e-03 1.503323341889455156e+00 5.409936024263210970e-03 1.147838841754203898e+01 7.096314443158721792e-03
7.098867934082551123e-01 1.592381327583251025e-03 1.419773586816510003e+00 3.184762655166502050e-03 1.113228889837555613e+01 4.177512898199549872e-03
6.937336257003388074e-01 2.563826590724216890e-03 1.387467251400677615e+00 5.127653181448433781e-03 1.112659304806431493e+01 6.811574335369235782e-03
6.177059830930793360e-01 3.524977878115236225e-03 1.235411966186158672e+00 7.049955756230472451e-03 1.078227471232950663e+01 9.404552480361028782e-03
6.678206007670635103e-01 2.382625188004563067e-03 1.335641201534126798e+00 4.765250376009126133e-03 1.155857529851895649e+01 6.250668239200952471e-03
6.121392191901193769e-01 3.683224583127905905e-03 1.224278438380238754e+00 7.366449166255811809e-03 1.064827434928111494e+01 1.007571820426952577e-02
6.069976079926531209e-01 9.252508718112399189e-04 1.213995215985306242e+00 1.850501743622479838e-03 1.079510882531477378e+01 2.427337814921425811e-03
5.993537173006631136e-01 9.072591574900139288e-03 1.198707434601326227e+00 1.814518314980027858e-02 1.099079707604573031e+01 2.519250094757981284e-02
6.736096925048793427e-01 1.655862931451354981e-03 1.347219385009758685e+00 3.311725862902709962e-03 1.087162623122941874e+01 4.344052865013763032e-03
7.621203454443847836e-01 2.846558848076148271e-03 1.524240690888769567e+00 5.693117696152296542e-03 1.163606823330673201e+01 7.467769221455202236e-03
7.486476201998357727e-01 1.200886574469226279e-03 1.497295240399671545e+00 2.401773148938452559e-03 1.121654412349113095e+01 3.150450834204592508e-03
6.877469900959649607e-01 1.058280436774048988e-03 1.375493980191929921e+00 2.116560873548097976e-03 1.112508033565338295e+01 2.776332576490543515e-03
5.736743172816551883e-01 3.782026526574414245e-03 1.147348634563310599e+00 7.564053053148828490e-03 1.063691307974412226e+01 9.921910162655745574e-03
7.072377465447554634e-01 1.415782992223445311e-03 1.414475493089510927e+00 2.831565984446890623e-03 1.117638651264353200e+01 3.714218205349282317e-03
6.961526833062801067e-01 9.678764359277169937e-04 1.392305366612559991e+00 1.935752871855433987e-03 1.107457393363916509e+01 2.539163350714016085e-03
6.750107121676403032e-01 5.587068950605770471e-04 1.350021424335280829e+00 1.117413790121154094e-03 1.100373602866753231e+01 1.465732615862993388e-03
6.229051152571005723e-01 1.672245958359658497e-03 1.245810230514200923e+00 3.344491916719316994e-03 1.069834119642993819e+01 4.387032729216418063e-03
7.316684968497746411e-01 4.769439348152929546e-04 1.463336993699549282e+00 9.538878696305859092e-04 1.127674761929044500e+01 1.251232602117652954e-03
7.402314668823162247e-01 1.317149819320074557e-03 1.480462933764632449e+00 2.634299638640149113e-03 1.141343587261071590e+01 3.455460248361022762e-03
6.698551523112741268e-01 3.930838768793406407e-03 1.339710304622548254e+00 7.861677537586812814e-03 1.100430494751278054e+01 1.031230972461135049e-02
6.529387779880055920e-01 2.534635845551824664e-03 1.305877555976011184e+00 5.069271691103649329e-03 1.095303798823339747e+01 6.649458661618918090e-03
6.378105599464887199e-01 2.462423266764332021e-03 1.275621119892977662e+00 4.924846533528664042e-03 1.078748319888188867e+01 6.460013496614588555e-03
