# The delta variance for H=1.0
8.861707386244401796e-01 2.339536821882758164e-03
8.512102411705788629e-01 1.228285381876155664e-03
8.426646359753202642e-01 1.777717158823259288e-03
8.422149548214394876e-01 1.894396164321296167e-03
8.250804084895091428e-01 3.407993343333013715e-03
8.488052997653077192e-01 9.175210503432930376e-04
8.166565549485831355e-01 1.351478132019616951e-03
8.605244440988426557e-01 2.153356167401464152e-03
8.306923988160495043e-01 2.038664892903221341e-03
8.251220507668595161e-01 2.004744914855802369e-03
8.379400693928829025e-01 9.211280664301467642e-04
8.235557064502283531e-01 4.404699840526839303e-04
8.146876129455082882e-01 2.069099636501735024e-03
7.948367916854870430e-01 9.952087809841729787e-04
8.837596971337702279e-01 4.118337018674815726e-04
9.194842693402629497e-01 9.868009423582020222e-04
8.495755160648945647e-01 2.236283713801192133e-03
8.479090147920331777e-01 2.521071467101050276e-03
8.396004188976218252e-01 1.647789012531051590e-04
7.783176141126575409e-01 1.641821351591486950e-03
8.672075975912969525e-01 1.790492915112182944e-03
8.663076177437849523e-01 1.423723434082749782e-03
8.086757433613578350e-01 1.581241241410058116e-03
8.085318117028479357e-01 1.356180311947937983e-03
7.987190301934088410e-01 1.129585888974575817e-03
8.387825944228488595e-01 1.553269652271987208e-03
7.998783438478545005e-01 6.347405119920060401e-04
8.522916034193408485e-01 9.692798408327145182e-04
8.132598505634860420e-01 1.627567485811344397e-03
8.202991185170582789e-01 1.714322294388261709e-03
8.593006500913036305e-01 1.693098197725597266e-03
8.059568479287628762e-01 1.803921832491453591e-03
8.199193565194693445e-01 1.358833757460711387e-03
7.892157866044178238e-01 9.988027929151827543e-04
8.043272593396877390e-01 9.954273452385657174e-04
8.145644831083806992e-01 1.932392404683923965e-03
7.926535918481407705e-01 1.821952480178412387e-03
7.494560254312054859e-01 1.632835003705430726e-03
8.043622414276572208e-01 2.698248388634005932e-03
8.781361640647604716e-01 1.274645848567288083e-03
8.488493871602798002e-01 1.634250526847485412e-03
8.361032184353620611e-01 1.191702565432761372e-03
8.510480095982508875e-01 4.300768870835621448e-04
7.869030571532640295e-01 2.244221541094994134e-03
8.076247664155755679e-01 2.996258708855274299e-03
8.484566342931478822e-01 1.724672644602726675e-03
8.026932371436727998e-01 1.425131610345370652e-03
8.826034506703828164e-01 9.117466801881793891e-04
8.989731144328634294e-01 1.331662013707389123e-03
7.864003530174468182e-01 2.077793300688518009e-03
8.333503034373450635e-01 1.099744620442366693e-03
7.895066104347630009e-01 1.025762868547143436e-03
8.567385036287413769e-01 1.782863803383119561e-03
8.442129746269244617e-01 1.507362224261297404e-03
8.082278120724022408e-01 1.280365547968546729e-03
8.373994691042550009e-01 1.783173884480723781e-03
8.445822162757117280e-01 2.902973258721245481e-03
8.103082847536868805e-01 2.491146319699035112e-03
8.537765214327204255e-01 1.677380659096343492e-03
8.475636796688146291e-01 6.536883293987815055e-04
8.325561347138381585e-01 8.654880827099675419e-04
8.516192784546876560e-01 8.988437412703844569e-04
8.001893585197070724e-01 1.203225941167038876e-03
8.033652433827285222e-01 1.750173183756761810e-03
8.486554969262454229e-01 2.028600410936884108e-03
8.792555362374145922e-01 6.059834846977351155e-04
8.028622080553500240e-01 8.390728548396005331e-04
8.271479367489369405e-01 8.193731742602653736e-04
8.072769469428442424e-01 1.462076699638249983e-03
7.980156492339669505e-01 2.117749371787842633e-03
7.897620068459880738e-01 1.831427181715218015e-03
8.511154185147453699e-01 2.288018839671833102e-03
7.883511679068306854e-01 2.497351555366776523e-03
8.604747637397847093e-01 7.237032130748591004e-04
8.291758733084380051e-01 1.223657695462524115e-03
8.644016875546987055e-01 1.345299430081852831e-03
7.754411282115523107e-01 4.022243823561841660e-04
8.304519376071830550e-01 2.048604654799401209e-03
8.383173435040345289e-01 1.225855945245011690e-03
8.646096147044959324e-01 2.411828850871967477e-03
7.982060514391591255e-01 2.379262771286101436e-03
8.098474692772161809e-01 7.468587315644223054e-04
8.315366369523986556e-01 1.749060804648622453e-03
8.344048119344802394e-01 1.939853803419478362e-03
8.515398158551108487e-01 2.401865961227730214e-03
8.480712637547762611e-01 1.946928164847473025e-03
8.269571421692101243e-01 1.516855529014214709e-03
7.756476966452119370e-01 1.645415095370812274e-03
8.227574615048829365e-01 2.009712419709427239e-03
7.917490425874291748e-01 5.322830551225694179e-04
8.007463978110394009e-01 1.706367400116202623e-03
8.674676300287491593e-01 1.039411612760643725e-03
7.715802007332368539e-01 1.215121258567113463e-03
8.348212854530601135e-01 1.878132734219752076e-03
8.353570478740772742e-01 9.651707942702039732e-04
8.665477553655316356e-01 1.413364079499177276e-03
8.396205133842247204e-01 1.188618174378878751e-03
7.629535710848389662e-01 2.082210641822035326e-03
8.400736478497021764e-01 9.777421496596583415e-04
8.555220824482874242e-01 2.447622754817361385e-03
