# H_est,H_std,A,A_std,B,B_std for H=0.9
7.846211927303106126e-01 2.180328239877600896e-03 1.569242385460621225e+00 4.360656479755201792e-03 1.080880998347562461e+01 5.719954809765440649e-03
8.734313377003766199e-01 4.211590248199161175e-03 1.746862675400753240e+00 8.423180496398322351e-03 1.124477798220976688e+01 1.149722939856536071e-02
7.899552222742800556e-01 1.273913994936029612e-03 1.579910444548560111e+00 2.547827989872059225e-03 1.085465253550552056e+01 3.342033724776752833e-03
8.160302153867169395e-01 2.029255435727171132e-03 1.632060430773433879e+00 4.058510871454342264e-03 1.110263596270057462e+01 5.323624766387924367e-03
7.901991867802646841e-01 5.347426440076717864e-04 1.580398373560529368e+00 1.069485288015343573e-03 1.085729060299000359e+01 1.402863892712600310e-03
8.216899928877081649e-01 1.960886919422468941e-03 1.643379985775416552e+00 3.921773838844937882e-03 1.094075582359682208e+01 5.144264253440534139e-03
8.556442301337301437e-01 2.408272957238662398e-03 1.711288460267460065e+00 4.816545914477324795e-03 1.105180951864510064e+01 6.317953549499265818e-03
9.144817667585496412e-01 3.214183938268737675e-03 1.828963533517099282e+00 6.428367876537475351e-03 1.130723049835404659e+01 8.432210635958404740e-03
8.709481434930386179e-01 3.241621969998180822e-03 1.741896286986077458e+00 6.483243939996361643e-03 1.123035134100307175e+01 8.648566023320891985e-03
8.303067251092859369e-01 1.170715454443191318e-03 1.660613450218571874e+00 2.341430908886382636e-03 1.098165082864765196e+01 3.071298810755468053e-03
9.172899635378319871e-01 2.448752371469672950e-03 1.834579927075663974e+00 4.897504742939345901e-03 1.157693244714181624e+01 6.424148762328636166e-03
8.772492602965265007e-01 1.718539604974536877e-03 1.754498520593053001e+00 3.437079209949073753e-03 1.117804806870305434e+01 4.508481209211927243e-03
9.703558991544700696e-01 1.622413626179762623e-03 1.940711798308939917e+00 3.244827252359525245e-03 1.169611187992626178e+01 4.256300738905854225e-03
9.337641413883284169e-01 1.007106996598511415e-03 1.867528282776656834e+00 2.014213993197022830e-03 1.144837570883879074e+01 2.642082247910404035e-03
1.036295706881388945e+00 4.795282487254679850e-03 2.072591413762777890e+00 9.590564974509359700e-03 1.181318811686711356e+01 1.122836491626235354e-02
8.251820899455437619e-01 3.564140173648992793e-04 1.650364179891087302e+00 7.128280347297985585e-04 1.104421687464125412e+01 9.350298937031353494e-04
8.575987732933443297e-01 3.078921457277668510e-03 1.715197546586688659e+00 6.157842914555337020e-03 1.122664188688099962e+01 8.094425118302319908e-03
8.253004874512119837e-01 2.529546879550306857e-03 1.650600974902423967e+00 5.059093759100613714e-03 1.106335813158777626e+01 6.636108060790899162e-03
9.659642047322933855e-01 2.409107534129718495e-03 1.931928409464586549e+00 4.818215068259436989e-03 1.158707104154963119e+01 6.320142978226660213e-03
9.700328632162200648e-01 2.497208466382838058e-03 1.940065726432440352e+00 4.994416932765676116e-03 1.188915322051825463e+01 6.551270238328672432e-03
8.683883200399928892e-01 1.753288412782632926e-03 1.736776640079985778e+00 3.506576825565265853e-03 1.118201476940788197e+01 4.599642546870767561e-03
8.715459067244466507e-01 1.554609765607656031e-03 1.743091813448893301e+00 3.109219531215312061e-03 1.112769619967857437e+01 4.078421555767163670e-03
9.134734290990613736e-01 1.897579884162503778e-03 1.826946858198122747e+00 3.795159768325007555e-03 1.168031370210960596e+01 4.978182185351793208e-03
8.171250564272707351e-01 2.848936842671772902e-03 1.634250112854541692e+00 5.697873685343545803e-03 1.100462733824383399e+01 7.474007695313839884e-03
7.206040389929111445e-01 1.014612795023278353e-03 1.441208077985822289e+00 2.029225590046556706e-03 1.063517864989938033e+01 2.661773231020415562e-03
7.782191399033431267e-01 3.219136588416814018e-03 1.556438279806686031e+00 6.438273176833628035e-03 1.088519197875446132e+01 8.445203677744180307e-03
8.431004631423513196e-01 5.165327224778074999e-04 1.686200926284702639e+00 1.033065444955615000e-03 1.115855008508571800e+01 1.355091298984122941e-03
7.643404327307106172e-01 1.772862483935444067e-03 1.528680865461421234e+00 3.545724967870888134e-03 1.085396925573499516e+01 4.650993919625412247e-03
8.104842220139114595e-01 8.728095827611369794e-04 1.620968444027823141e+00 1.745619165522273959e-03 1.093987693259387584e+01 2.289761387071008025e-03
9.305248789729736458e-01 1.728619567619374550e-04 1.861049757945947514e+00 3.457239135238749099e-04 1.135692193620779022e+01 4.534925364301514391e-04
8.216725476632058545e-01 1.407238806339109307e-03 1.643345095326411709e+00 2.814477612678218613e-03 1.120774025508079674e+01 3.691803063645546310e-03
8.577570968487457925e-01 6.768071867952035183e-04 1.715514193697491807e+00 1.353614373590407037e-03 1.118521865475639032e+01 1.775561349010301064e-03
9.093656563793142134e-01 2.971188152625297424e-03 1.818731312758628649e+00 5.942376305250594848e-03 1.142191292803776115e+01 8.060644772416469817e-03
8.428000377263382692e-01 2.186739262308663116e-03 1.685600075452676538e+00 4.373478524617326231e-03 1.128918362422222899e+01 5.736773779642537728e-03
7.929603803603524348e-01 1.888492641366682065e-03 1.585920760720704870e+00 3.776985282733364129e-03 1.086584783246291153e+01 4.954342395697872506e-03
8.635165952732410943e-01 1.378152969002551919e-03 1.727033190546481967e+00 2.756305938005103838e-03 1.122775164506389167e+01 3.615498152820636329e-03
8.865050190600307634e-01 1.466585455901437546e-03 1.773010038120061527e+00 2.933170911802875092e-03 1.139371988644549560e+01 3.847495260535461082e-03
9.570195536705878858e-01 1.891227699248910609e-03 1.914039107341175772e+00 3.782455398497821218e-03 1.166688193532087325e+01 4.961517635120412349e-03
7.497526493792889823e-01 1.700211935623250833e-03 1.499505298758578187e+00 3.400423871246501667e-03 1.088091997255339294e+01 4.460399730769564093e-03
9.288461523562889788e-01 3.042601934103102406e-03 1.857692304712578180e+00 6.085203868206204812e-03 1.170508989534124034e+01 7.982075909618423920e-03
8.328223535445611336e-01 9.639170535910522846e-04 1.665644707089122267e+00 1.927834107182104569e-03 1.117272369451673697e+01 2.528776133164485455e-03
9.000158805463414069e-01 1.095193671305723631e-03 1.800031761092682814e+00 2.190387342611447262e-03 1.133708671440971294e+01 2.873172141229797614e-03
7.823484760829444440e-01 7.093855851232868303e-04 1.564696952165889110e+00 1.418771170246573661e-03 1.099046965241473117e+01 1.861028731363500825e-03
8.411735719014274970e-01 1.991815211785443861e-03 1.682347143802854772e+00 3.983630423570887723e-03 1.106055624459941455e+01 5.225402693592296963e-03
7.849733492953632208e-01 1.815296344208072732e-03 1.569946698590726220e+00 3.630592688416145464e-03 1.088501406123991977e+01 4.762316475745215737e-03
8.418920355834977887e-01 1.174868061741010661e-03 1.683784071166995577e+00 2.349736123482021322e-03 1.115216027336225224e+01 3.082192919644931913e-03
7.650987370633424156e-01 5.250418653014680276e-04 1.530197474126685053e+00 1.050083730602936055e-03 1.094362899676470136e+01 1.377414515579607635e-03
9.322109153065540887e-01 3.055344545663675904e-03 1.864421830613108400e+00 6.110689091327351809e-03 1.151664173094520116e+01 8.015505421531454733e-03
9.467014363218426709e-01 1.366210204782663563e-03 1.893402872643685342e+00 2.732420409565327127e-03 1.149793992155936095e+01 3.584167036154467523e-03
8.136886473431799160e-01 2.371522186557079720e-03 1.627377294686359610e+00 4.743044373114159440e-03 1.090433480216875495e+01 6.221540225118318314e-03
8.676073546634441858e-01 1.597547099936070429e-03 1.735214709326888372e+00 3.195094199872140859e-03 1.117660368427725004e+01 4.191064946647854277e-03
8.703610656108988763e-01 2.511114495294924052e-03 1.740722131221797975e+00 5.022228990589848105e-03 1.112172969585184035e+01 6.587751845672517453e-03
8.292485013820702910e-01 2.117544585367421052e-03 1.658497002764140582e+00 4.235089170734842104e-03 1.109098965171881801e+01 5.555245813034452584e-03
8.026689610224080340e-01 3.217306759408336200e-03 1.605337922044816290e+00 6.434613518816672401e-03 1.088798039181910760e+01 8.440403223160763274e-03
8.987662771743538670e-01 2.946689510988858597e-03 1.797532554348707734e+00 5.893379021977717194e-03 1.138675659049425626e+01 7.730455736045865542e-03
8.495275255616296928e-01 1.069313583915714730e-03 1.699055051123259386e+00 2.138627167831429459e-03 1.103680174987486140e+01 2.805277328617209083e-03
7.914782263370712112e-01 2.294312569522051655e-03 1.582956452674142422e+00 4.588625139044103310e-03 1.076865484329125344e+01 6.018985627040414517e-03
8.443275781002008706e-01 1.707823432225926948e-03 1.688655156200401519e+00 3.415646864451853896e-03 1.097572296955341464e+01 4.480368044022237442e-03
8.083644502850872993e-01 2.115735979495611454e-03 1.616728900570174599e+00 4.231471958991222908e-03 1.118750181107454722e+01 5.550501066611423194e-03
9.970268416535406075e-01 9.984595980356014439e-04 1.994053683307081437e+00 1.996919196071202888e-03 1.178550955815165224e+01 2.619396323552623026e-03
1.051805890150636635e+00 3.834774405610987934e-03 2.103611780301273715e+00 7.669548811221975869e-03 1.228614197884365034e+01 1.006029092990990900e-02
7.999352126456349410e-01 2.548102812249013280e-03 1.599870425291269882e+00 5.096205624498026561e-03 1.097291348455915028e+01 6.684788406916639808e-03
8.764551207769040175e-01 1.730182939522551151e-03 1.752910241553808257e+00 3.460365879045102303e-03 1.139453411338519651e+01 4.539026800390799470e-03
9.589011924296910738e-01 6.931110173638386097e-04 1.917802384859382148e+00 1.386222034727677219e-03 1.157630921598444651e+01 1.818333413619791731e-03
7.943816822490332719e-01 3.347778946074161759e-03 1.588763364498066544e+00 6.695557892148323517e-03 1.098440860317481871e+01 8.782688768528336756e-03
9.124797358333034403e-01 1.647898955513261033e-03 1.824959471666606659e+00 3.295797911026522066e-03 1.132785307549684006e+01 4.323159897068792543e-03
8.654585598711665995e-01 6.404298148546803439e-04 1.730917119742333421e+00 1.280859629709360688e-03 1.112992832888925676e+01 1.680127609792456556e-03
9.410801842851879151e-01 2.252921349992988327e-03 1.882160368570375830e+00 4.505842699985976654e-03 1.130490832951821822e+01 5.910398332160301735e-03
9.779659306031256438e-01 3.406545090269295049e-03 1.955931861206251288e+00 6.813090180538590099e-03 1.181489521283405786e+01 9.126735018484020273e-03
7.692316195595099160e-01 2.266808438347717430e-03 1.538463239119019832e+00 4.533616876695434859e-03 1.096666388551887295e+01 5.946830271235250577e-03
8.199562579918764360e-01 4.171835837016366413e-03 1.639912515983752872e+00 8.343671674032732827e-03 1.118129408650533385e+01 1.094455044577785814e-02
1.000736447775325999e+00 7.303537098846614624e-04 2.001472895550652442e+00 1.460707419769322925e-03 1.170015317391070475e+01 1.916037297049940627e-03
7.460861173822554981e-01 9.539088266961821610e-04 1.492172234764510774e+00 1.907817653392364322e-03 1.065875368500682718e+01 2.502520181892827454e-03
7.643410904658713978e-01 4.130149500269635239e-03 1.528682180931742796e+00 8.260299000539270478e-03 1.076118590030797861e+01 1.083518900530375598e-02
8.325815984394411284e-01 1.327552959920767295e-03 1.665163196878882257e+00 2.655105919841534590e-03 1.104589977130217449e+01 3.482752213656219436e-03
8.853103235828228001e-01 2.025806033335345556e-03 1.770620647165645378e+00 4.051612066670691112e-03 1.132885576970191543e+01 5.314575572740823720e-03
8.029448356518600338e-01 1.486752709007447409e-03 1.605889671303720068e+00 2.973505418014894819e-03 1.103918532875998970e+01 3.900402799790247781e-03
8.212642226412465440e-01 5.941686745453269919e-04 1.642528445282492866e+00 1.188337349090653984e-03 1.111538382119801227e+01 1.558764364744449947e-03
7.974501442601207302e-01 1.400366820776925974e-04 1.594900288520241238e+00 2.800733641553851947e-04 1.084057622811228860e+01 3.673774797386733233e-04
8.416046002014483385e-01 1.146700550204996861e-03 1.683209200402896677e+00 2.293401100409993721e-03 1.117512643277802376e+01 3.008297186988095635e-03
7.698716856153717814e-01 3.508351070784066373e-03 1.539743371230743341e+00 7.016702141568132746e-03 1.097396452672810874e+01 9.203939818727933930e-03
8.061653078666286554e-01 1.838525795133803776e-03 1.612330615733257089e+00 3.677051590267607552e-03 1.096006878385009387e+01 4.823257472462898730e-03
8.276650992909102555e-01 6.222771078945690034e-04 1.655330198581820289e+00 1.244554215789138007e-03 1.096044247467610333e+01 1.632505106261202118e-03
9.361164724971529072e-01 7.682022825969640062e-03 1.872232944994305814e+00 1.536404565193928012e-02 1.169836105741748788e+01 1.918799242653670967e-02
7.964447913695402725e-01 1.492912874556985743e-03 1.592889582739080323e+00 2.985825749113971486e-03 1.094174244632613302e+01 3.916563587320426310e-03
8.341151656754113297e-01 3.945719242350234808e-03 1.668230331350822437e+00 7.891438484700469616e-03 1.150503307843299261e+01 1.039807308698641707e-02
8.128966841582405678e-01 1.825578192371336101e-03 1.625793368316480914e+00 3.651156384742672203e-03 1.087348996724620775e+01 4.789290268593634180e-03
8.220461439111654833e-01 3.354104998834291432e-03 1.644092287822330967e+00 6.708209997668582864e-03 1.108264761119450093e+01 8.799284795108844315e-03
8.445432143512046075e-01 1.444494380821144093e-03 1.689086428702408993e+00 2.888988761642288187e-03 1.114418398347178396e+01 3.789540694439937941e-03
8.235976292477622529e-01 1.822033049272228037e-03 1.647195258495524506e+00 3.644066098544456074e-03 1.115002307593096553e+01 4.779989770633757441e-03
7.782327235371457874e-01 6.765326564391580021e-04 1.556465447074291575e+00 1.353065312878316004e-03 1.087128111755861681e+01 1.774841129495034796e-03
8.131787561418541976e-01 3.096631982190497959e-04 1.626357512283708617e+00 6.193263964380995917e-04 1.095351460123333709e+01 8.123820425185236975e-04
7.529352542109264412e-01 2.670903862995124226e-03 1.505870508421852882e+00 5.341807725990248452e-03 1.078039169736864977e+01 7.006949287377856050e-03
8.591684265038133095e-01 5.436607769633670798e-04 1.718336853007626619e+00 1.087321553926734160e-03 1.107630507778892337e+01 1.426260060025743648e-03
8.862714853439592755e-01 3.886009361251104282e-03 1.772542970687918551e+00 7.772018722502208564e-03 1.130434612116325432e+01 1.045493512600938549e-02
8.280929067372819752e-01 9.840004653709978795e-04 1.656185813474563728e+00 1.968000930741995759e-03 1.098115619207929861e+01 2.581463713574934805e-03
9.212780946949079564e-01 8.878173063297698734e-04 1.842556189389815691e+00 1.775634612659539747e-03 1.139472042402866947e+01 2.329133190666540440e-03
8.168197804202130818e-01 1.786153384916581207e-03 1.633639560840426386e+00 3.572306769833162414e-03 1.085999900366811843e+01 4.685861763251114587e-03
8.198835930213981271e-01 7.463844707479565677e-04 1.639767186042796476e+00 1.492768941495913135e-03 1.113744672678251568e+01 1.958092995162255372e-03
8.579625687029999170e-01 1.377149008948037878e-03 1.715925137406000056e+00 2.754298017896075756e-03 1.124262377751297848e+01 3.612864306593407265e-03
