2.511886431509579437e-02
2.547185689104791359e-02
2.582981003198077039e-02
2.619279344815627145e-02
2.656087782946685294e-02
2.693413485920200662e-02
2.731263722800845312e-02
2.769645864804639451e-02
2.808567386734473273e-02
2.848035868435800505e-02
2.888058996272794415e-02
2.928644564625235841e-02
2.969800477406450007e-02
3.011534749602566910e-02
3.053855508833415444e-02
3.096770996935351364e-02
3.140289571566334120e-02
3.184419707833545388e-02
3.229169999943898306e-02
3.274549162877728181e-02
3.320566034086010199e-02
3.367229575211420911e-02
3.414548873833600506e-02
3.462533145238919086e-02
3.511191734215130672e-02
3.560534116871241772e-02
3.610569902482952537e-02
3.661308835364032732e-02
3.712760796764003057e-02
3.764935806792467365e-02
3.817844026370505878e-02
3.871495759209479109e-02
3.925901453817642883e-02
3.981071705534971333e-02
4.037017258596553582e-02
4.093749008225009561e-02
4.151278002752294832e-02
4.209615445771335007e-02
4.268772698317885306e-02
4.328761281083057244e-02
4.389592876656946141e-02
4.451279331803766059e-02
4.513832659768977212e-02
4.577265042618829799e-02
4.641588833612777382e-02
4.706816559609246914e-02
4.772960923505191466e-02
4.840034806709949539e-02
4.908051271653856434e-02
4.977023564332108685e-02
5.046965116884396391e-02
5.117889550210738547e-02
5.189810676624149327e-02
5.262742502540514178e-02
5.336699231206309957e-02
5.411695265464637472e-02
5.487745210560130565e-02
5.564863876983291990e-02
5.643066283354773033e-02
5.722367659350217212e-02
5.802783448666185007e-02
5.884329312027767461e-02
5.967021130238470833e-02
6.050875007272941974e-02
6.135907273413172824e-02
6.222134488428773119e-02
6.309573444801933051e-02
6.398241170997708005e-02
6.488154934780251959e-02
6.579332246575679555e-02
6.671790862882143180e-02
6.765548789727873769e-02
6.860624286177788300e-02
6.957035867889389824e-02
7.054802310718641389e-02
7.153942654376492516e-02
7.254476206136811767e-02
7.356422544596413760e-02
7.459801523487932795e-02
7.564633275546291113e-02
7.670938216429439016e-02
7.778737048694307765e-02
7.888050765828509558e-02
7.998900656338782389e-02
8.111308307896872294e-02
8.225295611543617658e-02
8.340884765952225055e-02
8.458098281751337544e-02
8.576958985908941790e-02
8.697490026177834288e-02
8.819714875603577864e-02
8.943657337095821391e-02
9.069341548063794556e-02
9.196791985117058754e-02
9.326033468832199691e-02
9.457091168586570507e-02
9.589990607459980554e-02
9.724757667205168044e-02
9.861418593288273637e-02
1.000000000000000056e-01
