# The delta variance for H=1.0
8.861707386244401796e-01 2.339536821882758164e-03 1.772341477248880137e+00 4.679073643765516329e-03 1.045153629188098421e+01 6.137628581983930673e-03
8.512102411705788629e-01 1.228285381876155664e-03 1.702420482341157726e+00 2.456570763752311329e-03 1.040016758064630764e+01 3.222329910811801753e-03
8.426646359753202642e-01 1.777717158823259288e-03 1.685329271950640528e+00 3.555434317646518575e-03 1.043358582217485875e+01 4.663729844078656935e-03
8.422149548214394876e-01 1.894396164321296167e-03 1.684429909642878975e+00 3.788792328642592334e-03 1.038907932973957138e+01 4.969829925733056444e-03
8.250804084895091428e-01 3.407993343333013715e-03 1.650160816979018064e+00 6.815986686666027430e-03 1.037257696397027296e+01 8.940657479747418299e-03
8.488052997653077192e-01 9.175210503432930376e-04 1.697610599530615216e+00 1.835042100686586075e-03 1.040752704582884647e+01 2.407059117648444827e-03
8.166565549485831355e-01 1.351478132019616951e-03 1.633313109897166271e+00 2.702956264039233902e-03 1.034080860986901484e+01 3.545518379763585269e-03
8.605244440988426557e-01 2.153356167401464152e-03 1.721048888197685311e+00 4.306712334802928303e-03 1.044343511073507003e+01 5.649195241444159889e-03
8.306923988160495043e-01 2.038664892903221341e-03 1.661384797632099231e+00 4.077329785806442682e-03 1.037807237869911781e+01 5.348309909688925626e-03
8.251220507668595161e-01 2.004744914855802369e-03 1.650244101533719254e+00 4.009489829711604739e-03 1.046790970901463069e+01 5.259322965893493962e-03
8.379400693928829025e-01 9.211280664301467642e-04 1.675880138785765805e+00 1.842256132860293528e-03 1.037908952211481761e+01 2.416521877754255598e-03
8.235557064502283531e-01 4.404699840526839303e-04 1.647111412900456484e+00 8.809399681053678606e-04 1.034787417187311753e+01 1.155545470487932260e-03
8.146876129455082882e-01 2.069099636501735024e-03 1.629375225891016354e+00 4.138199273003470048e-03 1.042054638264866639e+01 5.428153523094714043e-03
7.948367916854870430e-01 9.952087809841729787e-04 1.589673583370974308e+00 1.990417561968345957e-03 1.029630829222326582e+01 2.610868039049579238e-03
8.837596971337702279e-01 4.118337018674815726e-04 1.767519394267540456e+00 8.236674037349631453e-04 1.039684340332432733e+01 1.080419964638833002e-03
9.194842693402629497e-01 9.868009423582020222e-04 1.838968538680525899e+00 1.973601884716404044e-03 1.047606573278165953e+01 2.588810572541598749e-03
8.495755160648945647e-01 2.236283713801192133e-03 1.699151032129789352e+00 4.472567427602384266e-03 1.038896173908183229e+01 5.866750490671241054e-03
8.479090147920331777e-01 2.521071467101050276e-03 1.695818029584066355e+00 5.042142934202100552e-03 1.042638304899220536e+01 6.613873428733181917e-03
8.396004188976218252e-01 1.647789012531051590e-04 1.679200837795243872e+00 3.295578025062103180e-04 1.033513600475727756e+01 4.322871436039202081e-04
7.783176141126575409e-01 1.641821351591486950e-03 1.556635228225315304e+00 3.283642703182973899e-03 1.031094025539418269e+01 4.307215669048177625e-03
8.672075975912969525e-01 1.790492915112182944e-03 1.734415195182593905e+00 3.580985830224365889e-03 1.040972025917995758e+01 4.697246212400389351e-03
8.663076177437849523e-01 1.423723434082749782e-03 1.732615235487569905e+00 2.847446868165499564e-03 1.043178634285386508e+01 3.735049442877330129e-03
8.086757433613578350e-01 1.581241241410058116e-03 1.617351486722715448e+00 3.162482482820116233e-03 1.030776471263837912e+01 4.148287529677370175e-03
8.085318117028479357e-01 1.356180311947937983e-03 1.617063623405695649e+00 2.712360623895875966e-03 1.037175548257723889e+01 3.557854267465620449e-03
7.987190301934088410e-01 1.129585888974575817e-03 1.597438060386817460e+00 2.259171777949151635e-03 1.040266384416556100e+01 2.963397961794734560e-03
8.387825944228488595e-01 1.553269652271987208e-03 1.677565188845697719e+00 3.106539304543974415e-03 1.039915709469342531e+01 4.074905903100410620e-03
7.998783438478545005e-01 6.347405119920060401e-04 1.599756687695709001e+00 1.269481023984012080e-03 1.032844163014133798e+01 1.665202060696268499e-03
8.522916034193408485e-01 9.692798408327145182e-04 1.704583206838681919e+00 1.938559681665429036e-03 1.038104215419068055e+01 2.542845055883480310e-03
8.132598505634860420e-01 1.627567485811344397e-03 1.626519701126972084e+00 3.255134971622688795e-03 1.039851463891653793e+01 4.269821550503248922e-03
8.202991185170582789e-01 1.714322294388261709e-03 1.640598237034116558e+00 3.428644588776523418e-03 1.042075312406507415e+01 4.497417365195943879e-03
8.593006500913036305e-01 1.693098197725597266e-03 1.718601300182607261e+00 3.386196395451194531e-03 1.040396082202051709e+01 4.441737294792579525e-03
8.059568479287628762e-01 1.803921832491453591e-03 1.611913695857525752e+00 3.607843664982907182e-03 1.035348779922992435e+01 4.732476094940992785e-03
8.199193565194693445e-01 1.358833757460711387e-03 1.639838713038938689e+00 2.717667514921422774e-03 1.037802985666396260e+01 3.564815425629708386e-03
7.892157866044178238e-01 9.988027929151827543e-04 1.578431573208835648e+00 1.997605585830365509e-03 1.035065577284166238e+01 2.620296686424241923e-03
8.043272593396877390e-01 9.954273452385657174e-04 1.608654518679375256e+00 1.990854690477131435e-03 1.036047975442585489e+01 2.611441423013879503e-03
8.145644831083806992e-01 1.932392404683923965e-03 1.629128966216761620e+00 3.864784809367847931e-03 1.039911411544889752e+01 5.069510643130921944e-03
7.926535918481407705e-01 1.821952480178412387e-03 1.585307183696281319e+00 3.643904960356824773e-03 1.034201049451749732e+01 4.779778411831763288e-03
7.494560254312054859e-01 1.632835003705430726e-03 1.498912050862410750e+00 3.265670007410861452e-03 1.028331384489477252e+01 4.283640523371821593e-03
8.043622414276572208e-01 2.698248388634005932e-03 1.608724482855314442e+00 5.396496777268011864e-03 1.036812061863470902e+01 7.078685995202459863e-03
8.781361640647604716e-01 1.274645848567288083e-03 1.756272328129521165e+00 2.549291697134576165e-03 1.041393031836843974e+01 3.343953695206644192e-03
8.488493871602798002e-01 1.634250526847485412e-03 1.697698774320559600e+00 3.268501053694970824e-03 1.040369370300593843e+01 4.287354082840374482e-03
8.361032184353620611e-01 1.191702565432761372e-03 1.672206436870724122e+00 2.383405130865522744e-03 1.041424688404430299e+01 3.126357161783591913e-03
8.510480095982508875e-01 4.300768870835621448e-04 1.702096019196501775e+00 8.601537741671242895e-04 1.038431197547087059e+01 1.128279824438486491e-03
7.869030571532640295e-01 2.244221541094994134e-03 1.573806114306527837e+00 4.488443082189988269e-03 1.039577857386466775e+01 5.887574873862089046e-03
8.076247664155755679e-01 2.996258708855274299e-03 1.615249532831151358e+00 5.992517417710548598e-03 1.034549987018238326e+01 7.860497375181912591e-03
8.484566342931478822e-01 1.724672644602726675e-03 1.696913268586295764e+00 3.449345289205453351e-03 1.035861293780268788e+01 4.524570860202007175e-03
8.026932371436727998e-01 1.425131610345370652e-03 1.605386474287345822e+00 2.850263220690741305e-03 1.033578775985612985e+01 3.738743662060916174e-03
8.826034506703828164e-01 9.117466801881793891e-04 1.765206901340765633e+00 1.823493360376358778e-03 1.042944431382063009e+01 2.391910410957515110e-03
8.989731144328634294e-01 1.331662013707389123e-03 1.797946228865726859e+00 2.663324027414778247e-03 1.045812548810053322e+01 3.493532036410774283e-03
7.864003530174468182e-01 2.077793300688518009e-03 1.572800706034893636e+00 4.155586601377036018e-03 1.034156093363987594e+01 5.450960845609676385e-03
8.333503034373450635e-01 1.099744620442366693e-03 1.666700606874690127e+00 2.199489240884733385e-03 1.040116957240691420e+01 2.885111249094968276e-03
7.895066104347630009e-01 1.025762868547143436e-03 1.579013220869526002e+00 2.051525737094286872e-03 1.035305818359851671e+01 2.691024749567801251e-03
8.567385036287413769e-01 1.782863803383119561e-03 1.713477007257482976e+00 3.565727606766239122e-03 1.039088030109247640e+01 4.677231752927044073e-03
8.442129746269244617e-01 1.507362224261297404e-03 1.688425949253848923e+00 3.014724448522594809e-03 1.037764652862662196e+01 3.954470538030537517e-03
8.082278120724022408e-01 1.280365547968546729e-03 1.616455624144804704e+00 2.560731095937093457e-03 1.034195145043843134e+01 3.358958968227143422e-03
8.373994691042550009e-01 1.783173884480723781e-03 1.674798938208510002e+00 3.566347768961447562e-03 1.037958067736399670e+01 4.678045197794946687e-03
8.445822162757117280e-01 2.902973258721245481e-03 1.689164432551423456e+00 5.805946517442490962e-03 1.041403146269890634e+01 7.615768852248863685e-03
8.103082847536868805e-01 2.491146319699035112e-03 1.620616569507373761e+00 4.982292639398070225e-03 1.032437790220459739e+01 6.535366677766015105e-03
8.537765214327204255e-01 1.677380659096343492e-03 1.707553042865441073e+00 3.354761318192686984e-03 1.044123049970659700e+01 4.400503288755359954e-03
8.475636796688146291e-01 6.536883293987815055e-04 1.695127359337629036e+00 1.307376658797563011e-03 1.035173025574484562e+01 1.714910472794094285e-03
8.325561347138381585e-01 8.654880827099675419e-04 1.665112269427676539e+00 1.730976165419935084e-03 1.036243512241532905e+01 2.270553886658242728e-03
8.516192784546876560e-01 8.988437412703844569e-04 1.703238556909375534e+00 1.797687482540768914e-03 1.040293961249858334e+01 2.358060336633422023e-03
8.001893585197070724e-01 1.203225941167038876e-03 1.600378717039414145e+00 2.406451882334077752e-03 1.034877933625869417e+01 3.156588027332951109e-03
8.033652433827285222e-01 1.750173183756761810e-03 1.606730486765457266e+00 3.500346367513523620e-03 1.037343568313593778e+01 4.591469979339013463e-03
8.486554969262454229e-01 2.028600410936884108e-03 1.697310993852490846e+00 4.057200821873768216e-03 1.038096684376410828e+01 5.321906373898067401e-03
8.792555362374145922e-01 6.059834846977351155e-04 1.758511072474828962e+00 1.211966969395470231e-03 1.040811080712718351e+01 1.589759789977527454e-03
8.028622080553500240e-01 8.390728548396005331e-04 1.605724416110699826e+00 1.678145709679201066e-03 1.040862205856449840e+01 2.201255192138454938e-03
8.271479367489369405e-01 8.193731742602653736e-04 1.654295873497873881e+00 1.638746348520530747e-03 1.039640994052792422e+01 2.149574284507198632e-03
8.072769469428442424e-01 1.462076699638249983e-03 1.614553893885688485e+00 2.924153399276499966e-03 1.034397996693066624e+01 3.835666796807822576e-03
7.980156492339669505e-01 2.117749371787842633e-03 1.596031298467933679e+00 4.235498743575685267e-03 1.033559766098638022e+01 5.555783060632912655e-03
7.897620068459880738e-01 1.831427181715218015e-03 1.579524013691976148e+00 3.662854363430436029e-03 1.041467441576937958e+01 4.804634717004121341e-03
8.511154185147453699e-01 2.288018839671833102e-03 1.702230837029490740e+00 4.576037679343666204e-03 1.042987525614007005e+01 6.002474426341795899e-03
7.883511679068306854e-01 2.497351555366776523e-03 1.576702335813661371e+00 4.994703110733553046e-03 1.041400184356168701e+01 6.551645673197352936e-03
8.604747637397847093e-01 7.237032130748591004e-04 1.720949527479569419e+00 1.447406426149718201e-03 1.037938583262698522e+01 1.898590140777891644e-03
8.291758733084380051e-01 1.223657695462524115e-03 1.658351746616876010e+00 2.447315390925048229e-03 1.040461388009751076e+01 3.210189480577917750e-03
8.644016875546987055e-01 1.345299430081852831e-03 1.728803375109397411e+00 2.690598860163705662e-03 1.040296875958030753e+01 3.529308961916629347e-03
7.754411282115523107e-01 4.022243823561841660e-04 1.550882256423104399e+00 8.044487647123683320e-04 1.029516519974868594e+01 1.055210524422671523e-03
8.304519376071830550e-01 2.048604654799401209e-03 1.660903875214366110e+00 4.097209309598802418e-03 1.038980322494417763e+01 5.374386280210128632e-03
8.383173435040345289e-01 1.225855945245011690e-03 1.676634687008069058e+00 2.451711890490023381e-03 1.038260381522043119e+01 3.215956456690078832e-03
8.646096147044959324e-01 2.411828850871967477e-03 1.729219229408991865e+00 4.823657701743934954e-03 1.037802013575261739e+01 6.327282214030656091e-03
7.982060514391591255e-01 2.379262771286101436e-03 1.596412102878318251e+00 4.758525542572202872e-03 1.035462535239428661e+01 6.241847131337946615e-03
8.098474692772161809e-01 7.468587315644223054e-04 1.619694938554432584e+00 1.493717463128844611e-03 1.035795568037074332e+01 1.959337188137043936e-03
8.315366369523986556e-01 1.749060804648622453e-03 1.663073273904797089e+00 3.498121609297244906e-03 1.036806127642278241e+01 4.588551670318925975e-03
8.344048119344802394e-01 1.939853803419478362e-03 1.668809623868960701e+00 3.879707606838956723e-03 1.038781082889079954e+01 5.089085178519813651e-03
8.515398158551108487e-01 2.401865961227730214e-03 1.703079631710221920e+00 4.803731922455460428e-03 1.041137119135630407e+01 6.301145150488124749e-03
8.480712637547762611e-01 1.946928164847473025e-03 1.696142527509552522e+00 3.893856329694946050e-03 1.040269956209108138e+01 5.107644319480729792e-03
8.269571421692101243e-01 1.516855529014214709e-03 1.653914284338420249e+00 3.033711058028429417e-03 1.038981486847549718e+01 3.979375656117599760e-03
7.756476966452119370e-01 1.645415095370812274e-03 1.551295393290423874e+00 3.290830190741624549e-03 1.035281903456542274e+01 4.316643642624624737e-03
8.227574615048829365e-01 2.009712419709427239e-03 1.645514923009765873e+00 4.019424839418854478e-03 1.036293785045464411e+01 5.272354900526227302e-03
7.917490425874291748e-01 5.322830551225694179e-04 1.583498085174858350e+00 1.064566110245138836e-03 1.035733906418913008e+01 1.396411329121738723e-03
8.007463978110394009e-01 1.706367400116202623e-03 1.601492795622078580e+00 3.412734800232405247e-03 1.037753381148221088e+01 4.476548191529563375e-03
8.674676300287491593e-01 1.039411612760643725e-03 1.734935260057498319e+00 2.078823225521287451e-03 1.044475413549925058e+01 2.726831384520934931e-03
7.715802007332368539e-01 1.215121258567113463e-03 1.543160401466473930e+00 2.430242517134226926e-03 1.033686212501972967e+01 3.187794668395824670e-03
8.348212854530601135e-01 1.878132734219752076e-03 1.669642570906120005e+00 3.756265468439504152e-03 1.037612224544020556e+01 4.927163831959043352e-03
8.353570478740772742e-01 9.651707942702039732e-04 1.670714095748154771e+00 1.930341588540407946e-03 1.043836828007017203e+01 2.532065228914423018e-03
8.665477553655316356e-01 1.413364079499177276e-03 1.733095510731063049e+00 2.826728158998354553e-03 1.046807638673155338e+01 3.707872334710378415e-03
8.396205133842247204e-01 1.188618174378878751e-03 1.679241026768449441e+00 2.377236348757757502e-03 1.041966227842273440e+01 3.118265486952273915e-03
7.629535710848389662e-01 2.082210641822035326e-03 1.525907142169677932e+00 4.164421283644070652e-03 1.033562660451258708e+01 5.462549429954847470e-03
8.400736478497021764e-01 9.777421496596583415e-04 1.680147295699404353e+00 1.955484299319316683e-03 1.039952058751701891e+01 2.565045433802792905e-03
8.555220824482874242e-01 2.447622754817361385e-03 1.711044164896575071e+00 4.895245509634722769e-03 1.041228749774787588e+01 6.421185286151691145e-03
