# The delta variance for H=0.5
4.993543132404831830e-01 3.215722374015533890e-04 9.987086264809663660e-01 6.431444748031067780e-04 1.011170467966263331e+01 8.436246617627718176e-04
5.017294036770589827e-01 4.141534978043697780e-04 1.003458807354117743e+00 8.283069956087395561e-04 1.014115460136160962e+01 1.086505811690056077e-03
4.925254516884893796e-01 1.215440132082877328e-03 9.850509033769788703e-01 2.430880264165754655e-03 1.014755050240369449e+01 3.188631212852744909e-03
4.822168048490129699e-01 1.823990709113989042e-04 9.644336096980261619e-01 3.647981418227978084e-04 1.007220753732688401e+01 4.785125586480118583e-04
5.018212107499588903e-01 1.002718880467356674e-03 1.003642421499918003e+00 2.005437760934713348e-03 1.012419956334287008e+01 2.630570320270374934e-03
5.032936985027056664e-01 8.534752086954358477e-04 1.006587397005411333e+00 1.706950417390871695e-03 1.015341413014871108e+01 2.239038860472933844e-03
4.932869458535980023e-01 5.822508222668910547e-04 9.865738917071957825e-01 1.164501644533782109e-03 1.011510993575142159e+01 1.527498636913209853e-03
4.938967442395463259e-01 1.076320925429818926e-04 9.877934884790926517e-01 2.152641850859637852e-04 1.009449945591621933e+01 2.823660670370217534e-04
4.920920379162410097e-01 1.607583897011604149e-04 9.841840758324820193e-01 3.215167794023208298e-04 1.009966782812380970e+01 4.217395888578301952e-04
4.761554539222130344e-01 8.114955310566209553e-04 9.523109078444262909e-01 1.622991062113241911e-03 1.006146037416064765e+01 2.128907789238330267e-03
4.836785821428990495e-01 1.033332893498636277e-03 9.673571642857983210e-01 2.066665786997272554e-03 1.009095056117304168e+01 2.710884238104484256e-03
5.047743460679110505e-01 5.637445301661114534e-04 1.009548692135822101e+00 1.127489060332222907e-03 1.014329101710043091e+01 1.478948536584825295e-03
4.832957512637308106e-01 1.449032428733503831e-04 9.665915025274617323e-01 2.898064857467007663e-04 1.005059254416973324e+01 3.801445982257545893e-04
4.881865730235752654e-01 3.139867657484188149e-04 9.763731460471505308e-01 6.279735314968376298e-04 1.011135574516307578e+01 8.237246410685973661e-04
4.964104517335798938e-01 2.607109821541788298e-04 9.928209034671597877e-01 5.214219643083576597e-04 1.011682228339524592e+01 6.839589652617735329e-04
4.952255457070686706e-01 5.600668574309362706e-04 9.904510914141372302e-01 1.120133714861872541e-03 1.014447236064331648e+01 1.469300391212157927e-03
5.002788194702254554e-01 8.544955243953092231e-04 1.000557638940450911e+00 1.708991048790618446e-03 1.013889064732263989e+01 2.241715609578074243e-03
5.013236427860330302e-01 6.547067355783105181e-04 1.002647285572066060e+00 1.309413471156621036e-03 1.014313983328167801e+01 1.717582183959660055e-03
4.929913130104950358e-01 7.679930594824246459e-04 9.859826260209899607e-01 1.535986118964849292e-03 1.009658040807318891e+01 2.014781783317000450e-03
4.999640489639478602e-01 2.092362189010185550e-04 9.999280979278958315e-01 4.184724378020371100e-04 1.014542095262127397e+01 5.489181407288928590e-04
5.167514672042339274e-01 2.053453678375969499e-04 1.033502934408467855e+00 4.106907356751938998e-04 1.020106297576149323e+01 5.387107402232082197e-04
4.947891399750719010e-01 1.166277517319228919e-04 9.895782799501436910e-01 2.332555034638457837e-04 1.008924312596855977e+01 3.059656130807223676e-04
4.935139881793138006e-01 2.406737049562221995e-04 9.870279763586277122e-01 4.813474099124443991e-04 1.008447384863771390e+01 6.313924284174572601e-04
4.787959627093063553e-01 1.121245102158919876e-03 9.575919254186124885e-01 2.242490204317839752e-03 1.009807164647708433e+01 2.941516415534560676e-03
4.907545151914542991e-01 1.562092262693846932e-04 9.815090303829085983e-01 3.124184525387693864e-04 1.010524405227310929e+01 4.098051396175195964e-04
4.992067856863497965e-01 4.645289096529254896e-04 9.984135713726998151e-01 9.290578193058509791e-04 1.014137682449824851e+01 1.218662545702396379e-03
4.934678600945827665e-01 1.330494699925591001e-03 9.869357201891655329e-01 2.660989399851182002e-03 1.013526639720642919e+01 3.490469664453585853e-03
4.754621580291638061e-01 7.087955016263804272e-04 9.509243160583278343e-01 1.417591003252760854e-03 1.004463397332206753e+01 1.859480686402696127e-03
4.946091230601750155e-01 8.699404891363221939e-04 9.892182461203501420e-01 1.739880978272644388e-03 1.012582696763098866e+01 2.282234487304799116e-03
4.958541044298949707e-01 9.839256057628243107e-04 9.917082088597900524e-01 1.967851211525648621e-03 1.014434997907790326e+01 2.581267331949898929e-03
4.978649144459244003e-01 6.501187525149804353e-04 9.957298288918488005e-01 1.300237505029960871e-03 1.014892633929931698e+01 1.705545902978826628e-03
4.824049417926854488e-01 4.364972692014772366e-04 9.648098835853707866e-01 8.729945384029544732e-04 1.006893943159075988e+01 1.145123297139093122e-03
5.110395474077082945e-01 7.402436515021795912e-04 1.022079094815416589e+00 1.480487303004359182e-03 1.014157865751724508e+01 1.941982940003251102e-03
4.926467219728394298e-01 4.201712747978161204e-04 9.852934439456787485e-01 8.403425495956322409e-04 1.011647136582746143e+01 1.102293071098140679e-03
4.878895727558185680e-01 1.088767347021529357e-04 9.757791455116371360e-01 2.177534694043058714e-04 1.010592964145131667e+01 2.856313075841833329e-04
4.894393359545932132e-01 2.124218438059868256e-04 9.788786719091863153e-01 4.248436876119736512e-04 1.008042645737086929e+01 5.572754280483650704e-04
4.882619751496082294e-01 6.788663219107441294e-04 9.765239502992163478e-01 1.357732643821488259e-03 1.008278308259712830e+01 1.780963341858609553e-03
4.967126381719380035e-01 1.371891149762703569e-04 9.934252763438758960e-01 2.743782299525407138e-04 1.010338933284815077e+01 3.599070645869655721e-04
4.866694696508564455e-01 4.749609893025780291e-04 9.733389393017126690e-01 9.499219786051560583e-04 1.008416711179982705e+01 1.246030458666018111e-03
4.769343296561432410e-01 7.228264781433533419e-04 9.538686593122865931e-01 1.445652956286706684e-03 1.006571984210875215e+01 1.896290073666439396e-03
4.818840926483645148e-01 4.834653426786192387e-04 9.637681852967291407e-01 9.669306853572384773e-04 1.008022501290115791e+01 1.268341104478434671e-03
4.965423008914882086e-01 4.382740980172029140e-04 9.930846017829765282e-01 8.765481960344058280e-04 1.011728362499327361e+01 1.149784709338792614e-03
4.929758695867900720e-01 1.902090715472730918e-04 9.859517391735800329e-01 3.804181430945461836e-04 1.012135049747882221e+01 4.990016058426603295e-04
4.879362066635433148e-01 5.990604388295295724e-04 9.758724133270865186e-01 1.198120877659059145e-03 1.010423236163693694e+01 1.571597621939815285e-03
4.903087025219217132e-01 5.090431939387363115e-04 9.806174050438436485e-01 1.018086387877472623e-03 1.008101352978695431e+01 1.335442989602959310e-03
4.944925842460587972e-01 8.888697417420338186e-04 9.889851684921178165e-01 1.777739483484067637e-03 1.013948072706057602e+01 2.331894205650860211e-03
5.002699521020366191e-01 4.265201963382197732e-04 1.000539904204073016e+00 8.530403926764395465e-04 1.012140064339105194e+01 1.118949067736975259e-03
5.048379427230615946e-01 3.503600002414741853e-04 1.009675885446123411e+00 7.007200004829483705e-04 1.013466694816775870e+01 9.191475652291214698e-04
4.918314320503109904e-01 1.379544489875407943e-03 9.836628641006220919e-01 2.759088979750815886e-03 1.010533966893653535e+01 3.619148789258000085e-03
4.999636677330934198e-01 9.687904223903125861e-04 9.999273354661866176e-01 1.937580844780625172e-03 1.017245364717414979e+01 2.541561121498766250e-03
5.059347083887377750e-01 1.215192598894006357e-03 1.011869416777475550e+00 2.430385197788012715e-03 1.015750941689890752e+01 3.187981807454356303e-03
4.772061050920823888e-01 4.051873759509981923e-04 9.544122101841645556e-01 8.103747519019963846e-04 1.004591008636538341e+01 1.062983747693961633e-03
5.066267831179225301e-01 9.786661929559425899e-05 1.013253566235845060e+00 1.957332385911885180e-04 1.014001612147122700e+01 2.567469599412322144e-04
4.977610193567563179e-01 3.596885914553017163e-04 9.955220387135127469e-01 7.193771829106034325e-04 1.011645616752026733e+01 9.436205298382713963e-04
4.954444922179428445e-01 3.058617099691743704e-04 9.908889844358856891e-01 6.117234199383487408e-04 1.013123798999744096e+01 8.024090743016289986e-04
4.823722982398654935e-01 1.053745736088114752e-03 9.647445964797310980e-01 2.107491472176229504e-03 1.009703362256489712e+01 2.764436066376481024e-03
4.868990085179101257e-01 4.310958083984392183e-04 9.737980170358200294e-01 8.621916167968784366e-04 1.009476100661892239e+01 1.130952894446406653e-03
5.107892755647991390e-01 6.187733513515050526e-04 1.021578551129598278e+00 1.237546702703010105e-03 1.014266820230301747e+01 1.623313200884825627e-03
4.965277429816037369e-01 4.281356061729693564e-04 9.930554859632072517e-01 8.562712123459387129e-04 1.012620411115833718e+01 1.123186994117052109e-03
5.149582254619482491e-01 6.840383366032639105e-04 1.029916450923896720e+00 1.368076673206527821e-03 1.017374475624854391e+01 1.794531802801683455e-03
5.033613128836522677e-01 2.705008519121256572e-04 1.006722625767304757e+00 5.410017038242513144e-04 1.014134731721326332e+01 7.096420788381760250e-04
4.954210696598815300e-01 1.063515833852235915e-04 9.908421393197631710e-01 2.127031667704471830e-04 1.010578519548004728e+01 2.790067293002167800e-04
5.042986655605248281e-01 3.579349214823461219e-04 1.008597331121049878e+00 7.158698429646922438e-04 1.014754247237640961e+01 9.390198881428384915e-04
4.944604837756361171e-01 6.709048885023008663e-04 9.889209675512723452e-01 1.341809777004601733e-03 1.012003919839636978e+01 1.760077020716103828e-03
5.079314604016014201e-01 1.838456822695216941e-04 1.015862920803202840e+00 3.676913645390433882e-04 1.015138863823153770e+01 4.823076565635724599e-04
5.174014431749764942e-01 2.878660930606341886e-04 1.034802886349952988e+00 5.757321861212683772e-04 1.020104232698235336e+01 7.551986963752107531e-04
4.781259330842428934e-01 7.406804517818069145e-04 9.562518661684857868e-01 1.481360903563613829e-03 1.007037332922221040e+01 1.943128876789344817e-03
4.879708806434099877e-01 9.221995435708082219e-04 9.759417612868201974e-01 1.844399087141616444e-03 1.008640887790364360e+01 2.419332864775992735e-03
4.836422079190265677e-01 3.485723713774407451e-04 9.672844158380533575e-01 6.971447427548814902e-04 1.009468910780681306e+01 9.144578257864663644e-04
5.151677812208701468e-01 3.719587737698838649e-04 1.030335562441740072e+00 7.439175475397677298e-04 1.018434544016430010e+01 9.758105818863630106e-04
4.879512176008304891e-01 7.484576524914820757e-04 9.759024352016609782e-01 1.496915304982964151e-03 1.009328031658618663e+01 1.963531868001588271e-03
4.694658604909303090e-01 1.409896365926974161e-03 9.389317209818606180e-01 2.819792731853948322e-03 1.004974034134986027e+01 3.698774981733860164e-03
4.838657454609172071e-01 5.244022026599869752e-04 9.677314909218344141e-01 1.048804405319973950e-03 1.011420259474156147e+01 1.375736389538363821e-03
4.963715436902473854e-01 1.232141824734255193e-04 9.927430873804945488e-01 2.464283649468510386e-04 1.014636578056738614e+01 3.232447059314865899e-04
4.958487531026178896e-01 5.944044758425565296e-04 9.916975062052356682e-01 1.188808951685113059e-03 1.013698711539887753e+01 1.559382989965259940e-03
4.931452816441459497e-01 2.941006327530107877e-04 9.862905632882918994e-01 5.882012655060215754e-04 1.009937453626341863e+01 7.715546277000817242e-04
4.997481299730897053e-01 2.679936809723668816e-04 9.994962599461794106e-01 5.359873619447337633e-04 1.012469097475604940e+01 7.030646643280336538e-04
5.062380927911505069e-01 3.421179432521012816e-04 1.012476185582301236e+00 6.842358865042025631e-04 1.018234105572265236e+01 8.975250406572871445e-04
4.942439864942256289e-01 1.040367448440140540e-04 9.884879729884511468e-01 2.080734896880281079e-04 1.010693583915065830e+01 2.729338960434443554e-04
4.795130590635623413e-01 2.748261005900620919e-04 9.590261181271247937e-01 5.496522011801241838e-04 1.006017171761358320e+01 7.209890959293999537e-04
4.843600948761588310e-01 5.139484536173841807e-04 9.687201897523176619e-01 1.027896907234768361e-03 1.009580839661623308e+01 1.348311645173715708e-03
4.836128757828044300e-01 2.740372120007865874e-04 9.672257515656088600e-01 5.480744240015731749e-04 1.007810656321072074e+01 7.189194985689668655e-04
4.986683098491060395e-01 8.074284008734762411e-04 9.973366196982121901e-01 1.614856801746952482e-03 1.014669071008464485e+01 2.118237934853569801e-03
5.028038510195755872e-01 2.936181563706761664e-04 1.005607702039151174e+00 5.872363127413523327e-04 1.013561654023241410e+01 7.702888829015698286e-04
4.801745119201479284e-01 1.297019460394507407e-03 9.603490238402960788e-01 2.594038920789014813e-03 1.006011577133649837e+01 3.402649462144644813e-03
4.980257417664333275e-01 2.908687226730577967e-04 9.960514835328668770e-01 5.817374453461155934e-04 1.014913972507541118e+01 7.630759072775481150e-04
4.973312271754317671e-01 4.460369495520235140e-04 9.946624543508637561e-01 8.920738991040470280e-04 1.012628913715893653e+01 1.170150059246931806e-03
4.849374226624341144e-01 8.402848459759821719e-05 9.698748453248682289e-01 1.680569691951964344e-04 1.006597570997543301e+01 2.204434767718750621e-04
4.823446088483340777e-01 2.026846246543573054e-04 9.646892176966681554e-01 4.053692493087146108e-04 1.008676079997499642e+01 5.317304453154821954e-04
4.863653445384596985e-01 7.013944530019655156e-04 9.727306890769191750e-01 1.402788906003931031e-03 1.010174334292431908e+01 1.840064494541381133e-03
4.984565055214074114e-01 6.472456042712084433e-04 9.969130110428150449e-01 1.294491208542416887e-03 1.011382073854964325e+01 1.698008372475812112e-03
4.925675949403958143e-01 3.731777440235668590e-04 9.851351898807918506e-01 7.463554880471337180e-04 1.011745776553938292e+01 9.790084855084142494e-04
4.870730328456414071e-01 3.369845714016468348e-04 9.741460656912828142e-01 6.739691428032936697e-04 1.009196135330221189e+01 8.840579565379268244e-04
5.049002715038199973e-01 5.209586676625808975e-04 1.009800543007639995e+00 1.041917335325161795e-03 1.015764152608063675e+01 1.366702489766159073e-03
4.807016836468303023e-01 7.446920388479643738e-04 9.614033672936606045e-01 1.489384077695928748e-03 1.008711829956630623e+01 1.953653014250533552e-03
4.902395860714368059e-01 2.941326726133211686e-04 9.804791721428735007e-01 5.882653452266423371e-04 1.008926315222029757e+01 7.716386756794414888e-04
4.838040343532872267e-01 4.207368167999243598e-04 9.676080687065743424e-01 8.414736335998487197e-04 1.008982414160576369e+01 1.103776736016824633e-03
4.933936892356636239e-01 7.578299313918266311e-04 9.867873784713273588e-01 1.515659862783653262e-03 1.010538593489234493e+01 1.988119456126057061e-03
4.762244456514659330e-01 6.826362587273439395e-04 9.524488913029318660e-01 1.365272517454687879e-03 1.006170789614996330e+01 1.790853573342551623e-03
4.844316975423950122e-01 9.311508120866159987e-04 9.688633950847900245e-01 1.862301624173231997e-03 1.007731448174981104e+01 2.442815946681732228e-03
