# The delta variance for H=0.0
-1.616512999579988730e-03 4.168231277459079039e-04 -3.233025999159977459e-03 8.336462554918158078e-04 9.187210704908496339e+00 1.093509064239791108e-03
1.654828934831154008e-02 4.941086861399370152e-04 3.309657869662314955e-02 9.882173722798740303e-04 9.236032213989821216e+00 1.296263253001325808e-03
-4.847435709855130170e-03 3.419843153129795946e-04 -9.694871419710260341e-03 6.839686306259591892e-04 9.170880090868301693e+00 8.971747741938527294e-04
-9.384159681478210224e-03 4.568219475382341230e-04 -1.876831936295652800e-02 9.136438950764682460e-04 9.155715940595152702e+00 1.198443864582756724e-03
-1.614855129080106089e-03 2.142877733424108238e-04 -3.229710258160307587e-03 4.285755466848216477e-04 9.184976820933227870e+00 5.621705451647148778e-04
4.622321871810886051e-03 6.882017877460184737e-05 9.244643743621971596e-03 1.376403575492036947e-04 9.198937434133988233e+00 1.805454401570788351e-04
2.476824316443693164e-03 2.882348850111584931e-04 4.953648632887314336e-03 5.764697700223169862e-04 9.191396465424018558e+00 7.561662821128435673e-04
7.384507126255046572e-03 4.066352418924705438e-04 1.476901425250998212e-02 8.132704837849410876e-04 9.210498644873720053e+00 1.066782229694351490e-03
-7.028442933922462998e-03 7.753462342518516669e-05 -1.405688586784497977e-02 1.550692468503703334e-04 9.164924248244494365e+00 2.034072093381228310e-04
-9.157425958319365122e-03 5.219844774714646777e-04 -1.831485191663862616e-02 1.043968954942929355e-03 9.159171598980933027e+00 1.369393626823222883e-03
-2.308196255926420193e-02 1.285886499474274631e-03 -4.616392511852840386e-02 2.571772998948549261e-03 9.121942054350029139e+00 3.373442845550450771e-03
-8.994296664012302323e-03 6.359446396085917256e-04 -1.798859332802464975e-02 1.271889279217183451e-03 9.157310112581715345e+00 1.668360946104180701e-03
-1.260260639196308929e-02 4.770059205055432808e-04 -2.520521278392623757e-02 9.540118410110865615e-04 9.151186364247328342e+00 1.251395177019176425e-03
1.608535914998876493e-03 8.191459868781295007e-05 3.217071829997752118e-03 1.638291973756259001e-04 9.194035143724329728e+00 2.148975846533123890e-04
-6.871680362291243682e-03 2.221280516757585734e-04 -1.374336072458249951e-02 4.442561033515171468e-04 9.167578794153280697e+00 5.827389485893349737e-04
-6.662775754218364099e-03 4.245920569390626803e-04 -1.332555150843668136e-02 8.491841138781253606e-04 9.170426495343198425e+00 1.113890571165573147e-03
-1.011718796482019567e-02 7.140706706091359563e-04 -2.023437592964033235e-02 1.428141341218271913e-03 9.155044465619909033e+00 1.873319662100786332e-03
-1.512862949186621897e-02 7.462472203108732900e-04 -3.025725898373247263e-02 1.492494440621746580e-03 9.140324101143688651e+00 1.957731708527836109e-03
1.360714321104783409e-02 1.465250104847225980e-04 2.721428642209557450e-02 2.930500209694451960e-04 9.229316303239510688e+00 3.843992374884849903e-04
-4.728870158020592740e-04 3.499137629947112306e-04 -9.457740316041185480e-04 6.998275259894224613e-04 9.182629574401506289e+00 9.179755625999007134e-04
-6.568215278451305927e-03 5.539845141373846713e-04 -1.313643055690267951e-02 1.107969028274769343e-03 9.169705058283552646e+00 1.453343610401715237e-03
-9.109927535172590574e-03 1.211853744250537867e-03 -1.821985507034518115e-02 2.423707488501075733e-03 9.163144094968780351e+00 3.179222707501602220e-03
-1.674321444346982268e-02 1.113870867691998641e-03 -3.348642888693970782e-02 2.227741735383997283e-03 9.139546694193102283e+00 2.922170592507721681e-03
-1.512564727567211609e-02 6.538914757781885256e-04 -3.025129455134429809e-02 1.307782951556377051e-03 9.142185273002253254e+00 1.715443368500514914e-03
-3.773532385076050488e-03 5.134307178786490450e-04 -7.547064770152048935e-03 1.026861435757298090e-03 9.173287889721276400e+00 1.346953533296771453e-03
-5.662612164397229364e-03 1.235617111711945519e-03 -1.132522432879456281e-02 2.471234223423891038e-03 9.174822231407040007e+00 3.241564015565957108e-03
7.395662883802334164e-03 5.268442181259302406e-04 1.479132576760482966e-02 1.053688436251860481e-03 9.215930422594132310e+00 1.382142637867542689e-03
4.787405352904006151e-03 2.923829345689902236e-04 9.574810705807819747e-03 5.847658691379804471e-04 9.201984632707405964e+00 7.670483073334094732e-04
5.162866101000584962e-03 3.581395407746249438e-04 1.032573220200097217e-02 7.162790815492498875e-04 9.197670845004052964e+00 9.395568151677033322e-04
-6.372842538492240472e-03 3.484494617770472345e-04 -1.274568507698456941e-02 6.968989235540944691e-04 9.167932365429912522e+00 9.141353113281494060e-04
-5.819045672003086977e-03 3.437250015219323941e-04 -1.163809134400622773e-02 6.874500030438647881e-04 9.167953194219229829e+00 9.017410666859646505e-04
-6.748824135032083227e-03 3.453383879592503299e-04 -1.349764827006416819e-02 6.906767759185006598e-04 9.166443718769381022e+00 9.059737245030617322e-04
-1.247796604371131934e-03 6.824948983366142590e-04 -2.495593208742263869e-03 1.364989796673228518e-03 9.184075781413786999e+00 1.790482277522924704e-03
-3.412466101704314525e-04 1.040347827071732043e-04 -6.824932203408629050e-04 2.080695654143464087e-04 9.182399474958268470e+00 2.729288521511601551e-04
-1.177359081822260123e-02 4.989693059999982753e-04 -2.354718163644521287e-02 9.979386119999965506e-04 9.147799820190186892e+00 1.309014771331831577e-03
-1.667510002778649358e-03 2.475211239364282357e-04 -3.335020005557355095e-03 4.950422478728564715e-04 9.176942731131036979e+00 6.493560182925285380e-04
-1.070166317348242302e-02 5.436273208473304521e-04 -2.140332634696489114e-02 1.087254641694660904e-03 9.152949463636439020e+00 1.426172366686246978e-03
-7.332057033059724560e-03 1.913683672100563633e-04 -1.466411406611944045e-02 3.827367344201127266e-04 9.164033650020545707e+00 5.020429397038031222e-04
-5.024391052658061518e-03 8.310769843453048476e-04 -1.004878210531612304e-02 1.662153968690609695e-03 9.178411712406013834e+00 2.180278662877338427e-03
6.745041443264154779e-03 5.057574751880226276e-04 1.349008288652808925e-02 1.011514950376045255e-03 9.206363712597511295e+00 1.326822957679346920e-03
5.188409902453727796e-03 1.858530816353322129e-04 1.037681980490753886e-02 3.717061632706644258e-04 9.205109081100202317e+00 4.875740248162366351e-04
-7.904018217442798644e-03 3.785170562825608954e-04 -1.580803643488565627e-02 7.570341125651217909e-04 9.164691433980383550e+00 9.930157746309330527e-04
-2.484227596425081508e-03 5.492284438031156974e-04 -4.968455192850269701e-03 1.098456887606231395e-03 9.184107819090634450e+00 1.440866294751688183e-03
-7.205359391864396557e-03 4.576148292986733116e-04 -1.441071878372875842e-02 9.152296585973466233e-04 9.164146133916698744e+00 1.200523795742631942e-03
5.730089559583984027e-03 3.827608656504229265e-04 1.146017911916790734e-02 7.655217313008458530e-04 9.199993289344641667e+00 1.004149088587231054e-03
1.167290970141454665e-03 2.014881587997255591e-04 2.334581940282687285e-03 4.029763175994511182e-04 9.189265846991956366e+00 5.285916896730189114e-04
-2.959522162920280586e-03 2.796437280371934036e-04 -5.919044325840562906e-03 5.592874560743868071e-04 9.175268040406763248e+00 7.336277134886617490e-04
-1.265982281192046255e-02 1.409765662142044860e-03 -2.531964562384092510e-02 2.819531324284089719e-03 9.151145716724951029e+00 3.698431494902592286e-03
5.371853933025860783e-03 4.807694230122846286e-04 1.074370786605170942e-02 9.615388460245692572e-04 9.200286217630344154e+00 1.261268645801122282e-03
-4.383880441881538026e-03 8.104813207299216195e-04 -8.767760883763024010e-03 1.620962641459843239e-03 9.175245241032023102e+00 2.126247642293345626e-03
-1.782366799027390591e-02 2.652772500466662217e-04 -3.564733598054772162e-02 5.305545000933324434e-04 9.131020206979679088e+00 6.959383093128429206e-04
4.123725997166483026e-03 2.795749451485105529e-04 8.247451994332861969e-03 5.591498902970211057e-04 9.200062386325100761e+00 7.334474146564400705e-04
-5.107040672817642069e-03 2.457442938861587869e-04 -1.021408134563521995e-02 4.914885877723175738e-04 9.169361861229353039e+00 6.446947704122023672e-04
7.202790013512316847e-03 1.659557815911116212e-04 1.440558002702454002e-02 3.319115631822232423e-04 9.212450614120225367e+00 4.353746275565654523e-04
-4.907188094112946430e-03 3.628388663155145892e-04 -9.814376188225995210e-03 7.256777326310291784e-04 9.167318582071835920e+00 9.518850929084663728e-04
-1.365878272828502382e-02 3.960854013934699078e-04 -2.731756545656999213e-02 7.921708027869398157e-04 9.144847198214819173e+00 1.039105357888898224e-03
-3.813633544560435240e-04 1.041399690234919956e-04 -7.627267089119886025e-04 2.082799380469839911e-04 9.187727160272189053e+00 2.732041872257821684e-04
-1.991562708372085488e-03 2.604519825012319872e-04 -3.983125416744229957e-03 5.209039650024639744e-04 9.180348206183868598e+00 6.832795629961199539e-04
-4.693143943315103428e-04 2.884008646466210829e-04 -9.386287886629372020e-04 5.768017292932421658e-04 9.183160560116101934e+00 7.566025321995921123e-04
-1.988904112110279065e-03 7.353999850807908887e-04 -3.977808224220558131e-03 1.470799970161581777e-03 9.183242610179723542e+00 1.929274770893485034e-03
7.975529105953116371e-03 4.202344387446683245e-04 1.595105821190642009e-02 8.404688774893366490e-04 9.207672741881818723e+00 1.102458868590953890e-03
-1.595250881409226995e-02 6.014420752951731919e-04 -3.190501762818449827e-02 1.202884150590346384e-03 9.138718048603619692e+00 1.577845735611254230e-03
-3.832163950137523756e-03 3.402699334294205405e-04 -7.664327900275143789e-03 6.805398668588410810e-04 9.174050471339477042e+00 8.926769757839292602e-04
-5.418530539362809151e-03 2.726847164186646066e-04 -1.083706107872561830e-02 5.453694328373292132e-04 9.172484376780664306e+00 7.153712729081510664e-04
5.194526846390878916e-03 4.687783583761430417e-04 1.038905369278157395e-02 9.375567167522860833e-04 9.201458107233575490e+00 1.229810688813590602e-03
-9.536695588969856807e-03 1.437625194571308168e-04 -1.907339117793967198e-02 2.875250389142616336e-04 9.156009946682178935e+00 3.771519490054038777e-04
5.290452832013681217e-03 2.511378341217702080e-04 1.058090566402733815e-02 5.022756682435404159e-04 9.199417139724396009e+00 6.588445440747574787e-04
-8.743554619437654551e-03 1.888075255007798641e-04 -1.748710923887535768e-02 3.776150510015597282e-04 9.158975828435998778e+00 4.953247479384114034e-04
-8.220606975606337130e-04 3.201852820666736322e-04 -1.644121395121209530e-03 6.403705641333472644e-04 9.185212765034755478e+00 8.399867838283996786e-04
-1.172539889906520916e-02 8.900547317092279706e-04 -2.345079779813041831e-02 1.780109463418455941e-03 9.152740792666323344e+00 2.335003273412473643e-03
-8.060506083720220261e-03 6.371450090876869688e-04 -1.612101216744049603e-02 1.274290018175373938e-03 9.163189854798467593e+00 1.671510063751658649e-03
-1.978690636029334371e-02 4.120915525955804143e-04 -3.957381272058657640e-02 8.241831051911608285e-04 9.127304615191386361e+00 1.081096433991377915e-03
3.391883444072929521e-03 1.313356992208484326e-04 6.783766888145952717e-03 2.626713984416968652e-04 9.199140827313849300e+00 3.445510107917525437e-04
-4.525232144777624477e-03 5.490063944096573809e-04 -9.050464289555288852e-03 1.098012788819314762e-03 9.173336215852502917e+00 1.440283971713930342e-03
-1.480885910270124395e-02 2.308029164413581073e-04 -2.961771820540256769e-02 4.616058328827162146e-04 9.138782615199477988e+00 6.054970417134426840e-04
-1.877579364359394098e-03 6.557624770597175225e-04 -3.755158728718788197e-03 1.311524954119435045e-03 9.184552375791810164e+00 1.720352227536306499e-03
-1.175089270681584086e-02 4.351741638519190437e-04 -2.350178541363168172e-02 8.703483277038380874e-04 9.153194991076489373e+00 1.141652258601535313e-03
-1.419965171659032244e-02 1.627472213148889468e-04 -2.839930343318063447e-02 3.254944426297778936e-04 9.141242996788825792e+00 4.269571515866790257e-04
-4.716657271372048932e-03 3.469980673134886594e-04 -9.433314542744174191e-03 6.939961346269773188e-04 9.170297902881992869e+00 9.103278903022155770e-04
1.626222805932719950e-04 6.594526830812407012e-04 3.252445611866550124e-04 1.318905366162481402e-03 9.189019529844758338e+00 1.730027227183232813e-03
1.178925718892998020e-02 4.761055701641753093e-04 2.357851437785994306e-02 9.522111403283506186e-04 9.217746238881719734e+00 1.249033324968979548e-03
-1.046635939889783984e-02 1.188028367108153165e-03 -2.093271879779567274e-02 2.376056734216306331e-03 9.157808951665606045e+00 3.116717758808319316e-03
5.287006594707710505e-03 2.854014202672684286e-04 1.057401318941530478e-02 5.708028405345368572e-04 9.202244135591001850e+00 7.487329229500428894e-04
-1.202418733905241677e-02 6.427988212325255399e-04 -2.404837467810481966e-02 1.285597642465051080e-03 9.148392277242084702e+00 1.686342586334234816e-03
-3.064046516668583742e-03 3.328848719524929900e-04 -6.128093033337203913e-03 6.657697439049859800e-04 9.175295195997492215e+00 8.733026953848441708e-04
-1.603550911607942719e-02 5.463807971311432756e-04 -3.207101823215883357e-02 1.092761594262286551e-03 9.136143341064785872e+00 1.433395941114025971e-03
-5.161344688783486845e-03 2.184543614484423359e-04 -1.032268937756700838e-02 4.369087228968846718e-04 9.169432482608739221e+00 5.731013459844306809e-04
-5.590823159678515175e-03 2.571462551029282911e-04 -1.118164631935692627e-02 5.142925102058565822e-04 9.170011593232596070e+00 6.746071081886072978e-04
1.437867867368525232e-02 7.484851012754401966e-04 2.875735734737070240e-02 1.496970202550880393e-03 9.228668598756007313e+00 1.963603807562123906e-03
-3.011522557092916053e-03 1.480731649924615641e-04 -6.023045114185832105e-03 2.961463299849231281e-04 9.175220536151446282e+00 3.884598941925202290e-04
-2.822314148913096510e-03 5.701743447213503211e-04 -5.644628297826193020e-03 1.140348689442700642e-03 9.178613729847748814e+00 1.495817041875485264e-03
2.578957047349117460e-03 5.285627605294765255e-04 5.157914094698345941e-03 1.057125521058953051e-03 9.194594771699476254e+00 1.386650531205631687e-03
-1.444459190966917994e-03 4.288876972353588331e-04 -2.888918381933835988e-03 8.577753944707176663e-04 9.188357738179464107e+00 1.125160529537853503e-03
-4.901734174515892661e-03 6.336985009281336390e-04 -9.803468349031700321e-03 1.267397001856267278e-03 9.172711161386503775e+00 1.662468376565931494e-03
-2.846442434281337697e-03 2.867511886666048197e-04 -5.692884868562664118e-03 5.735023773332096394e-04 9.176128364956925410e+00 7.522735720155260090e-04
-7.534397659936686864e-03 6.861477669599876138e-04 -1.506879531987337373e-02 1.372295533919975228e-03 9.164385368113597607e+00 1.800065841699769560e-03
-9.182792118088145550e-03 7.861095105979677743e-04 -1.836558423617624947e-02 1.572219021195935549e-03 9.162796041151342052e+00 2.062308476556248566e-03
-1.495679118453785428e-02 7.917275325013789196e-04 -2.991358236907570856e-02 1.583455065002757839e-03 9.143685747701587374e+00 2.077047683765073909e-03
-9.149400492283188413e-03 2.698956914305559616e-04 -1.829880098456632131e-02 5.397913828611119232e-04 9.160114631361025772e+00 7.080544609877737318e-04
-6.079575439921214297e-03 2.977210791797743682e-04 -1.215915087984233318e-02 5.954421583595487363e-04 9.169181541822256420e+00 7.810526066436580123e-04
