1.000000000000000021e-03
5.149494949494948931e-02
1.019898989898989777e-01
1.524848484848484731e-01
2.029797979797979546e-01
2.534747474747474638e-01
3.039696969696969453e-01
3.544646464646464268e-01
4.049595959595959083e-01
4.554545454545453897e-01
5.059494949494949267e-01
5.564444444444444082e-01
6.069393939393938897e-01
6.574343434343433712e-01
7.079292929292928527e-01
7.584242424242423342e-01
8.089191919191918156e-01
8.594141414141412971e-01
9.099090909090907786e-01
9.604040404040402601e-01
1.010898989898989742e+00
1.061393939393939112e+00
1.111888888888888705e+00
1.162383838383838075e+00
1.212878787878787668e+00
1.263373737373737038e+00
1.313868686868686630e+00
1.364363636363636001e+00
1.414858585858585593e+00
1.465353535353534964e+00
1.515848484848484556e+00
1.566343434343433927e+00
1.616838383838383519e+00
1.667333333333333112e+00
1.717828282828282482e+00
1.768323232323232075e+00
1.818818181818181445e+00
1.869313131313131038e+00
1.919808080808080408e+00
1.970303030303030001e+00
2.020797979797979593e+00
2.071292929292928964e+00
2.121787878787878334e+00
2.172282828282827705e+00
2.222777777777777519e+00
2.273272727272726890e+00
2.323767676767676260e+00
2.374262626262625631e+00
2.424757575757575445e+00
2.475252525252524816e+00
2.525747474747474186e+00
2.576242424242424001e+00
2.626737373737373371e+00
2.677232323232322742e+00
2.727727272727272112e+00
2.778222222222221927e+00
2.828717171717171297e+00
2.879212121212120667e+00
2.929707070707070038e+00
2.980202020202019852e+00
3.030696969696969223e+00
3.081191919191918593e+00
3.131686868686867964e+00
3.182181818181817778e+00
3.232676767676767149e+00
3.283171717171716519e+00
3.333666666666666334e+00
3.384161616161615704e+00
3.434656565656565075e+00
3.485151515151514445e+00
3.535646464646464260e+00
3.586141414141413630e+00
3.636636363636363001e+00
3.687131313131312371e+00
3.737626262626262186e+00
3.788121212121211556e+00
3.838616161616160927e+00
3.889111111111110297e+00
3.939606060606060112e+00
3.990101010101009482e+00
4.040595959595959741e+00
4.091090909090908667e+00
4.141585858585858482e+00
4.192080808080808296e+00
4.242575757575757223e+00
4.293070707070707037e+00
4.343565656565655964e+00
4.394060606060605778e+00
4.444555555555555593e+00
4.495050505050504519e+00
4.545545454545454334e+00
4.596040404040404148e+00
4.646535353535353075e+00
4.697030303030302889e+00
4.747525252525251815e+00
4.798020202020201630e+00
4.848515151515151445e+00
4.899010101010100371e+00
4.949505050505050185e+00
5.000000000000000000e+00
